0 -8.99 0 1.5
1 -8.98 0 1.5
2 -8.97 0 1.5
3 -8.96 0 1.5
4 -8.95 0 1.5
5 -8.94 0 1.5
6 -8.93 0 1.5
7 -8.92 0 1.5
8 -8.91 0 1.5
9 -8.9 0 1.5
10 -8.89 0 1.5
11 -8.88 0 1.5
12 -8.87 0 1.5
13 -8.86 0 1.5
14 -8.85 0 1.5
15 -8.84 0 1.5
16 -8.83 0 1.5
17 -8.82 0 1.5
18 -8.81 0 1.5
19 -8.8 0 1.5
20 -8.79 0 1.5
21 -8.77999 0 1.5
22 -8.76999 0 1.5
23 -8.75999 0 1.5
24 -8.74999 0 1.5
25 -8.73999 0 1.5
26 -8.72999 0 1.5
27 -8.71999 0 1.5
28 -8.70999 0 1.5
29 -8.69999 0 1.5
30 -8.68999 0 1.5
31 -8.67999 0 1.5
32 -8.66999 0 1.5
33 -8.65999 0 1.5
34 -8.64999 0 1.5
35 -8.63999 0 1.5
36 -8.62999 0 1.5
37 -8.61999 0 1.5
38 -8.60999 0 1.5
39 -8.59999 0 1.5
40 -8.58999 0 1.5
41 -8.57999 0 1.5
42 -8.56999 0 1.5
43 -8.55999 0 1.5
44 -8.54999 0 1.5
45 -8.53999 0 1.5
46 -8.52999 0 1.5
47 -8.51999 0 1.5
48 -8.50999 0 1.5
49 -8.49999 0 1.5
50 -8.48999 0 1.5
51 -8.47999 0 1.5
52 -8.46999 0 1.5
53 -8.45999 0 1.5
54 -8.44999 0 1.5
55 -8.43999 0 1.5
56 -8.42999 0 1.5
57 -8.41999 0 1.5
58 -8.40999 0 1.5
59 -8.39999 0 1.5
60 -8.38999 0 1.5
61 -8.37999 0 1.5
62 -8.36999 0 1.5
63 -8.35999 0 1.5
64 -8.34999 0 1.5
65 -8.33998 0 1.5
66 -8.32998 0 1.5
67 -8.31998 0 1.5
68 -8.30998 0 1.5
69 -8.29998 0 1.5
70 -8.28998 0 1.5
71 -8.27998 0 1.5
72 -8.26998 0 1.5
73 -8.25998 0 1.5
74 -8.24998 0 1.5
75 -8.23998 0 1.5
76 -8.22998 0 1.5
77 -8.21998 0 1.5
78 -8.20998 0 1.5
79 -8.19998 0 1.5
80 -8.18998 0 1.5
81 -8.17998 0 1.5
82 -8.16998 0 1.5
83 -8.15998 0 1.5
84 -8.14998 0 1.5
85 -8.13998 0 1.5
86 -8.12998 0 1.5
87 -8.11998 0 1.5
88 -8.10998 0 1.5
89 -8.09998 0 1.5
90 -8.08998 0 1.5
91 -8.07998 0 1.5
92 -8.06998 0 1.5
93 -8.05998 0 1.5
94 -8.04998 0 1.5
95 -8.03998 0 1.5
96 -8.02998 0 1.5
97 -8.01998 0 1.5
98 -8.00998 0 1.5
99 -7.99998 0 1.5
100 -7.98998 0 1.5
101 -7.97998 0 1.5
102 -7.96998 0 1.5
103 -7.95998 0 1.5
104 -7.94998 0 1.5
105 -7.93998 0 1.5
106 -7.92998 0 1.5
107 -7.91998 0 1.5
108 -7.90998 0 1.5
109 -7.89997 0 1.5
110 -7.88997 0 1.5
111 -7.87997 0 1.5
112 -7.86997 0 1.5
113 -7.85997 0 1.5
114 -7.84997 0 1.5
115 -7.83997 0 1.5
116 -7.82997 0 1.5
117 -7.81997 0 1.5
118 -7.80997 0 1.5
119 -7.79997 0 1.5
120 -7.78997 0 1.5
121 -7.77997 0 1.5
122 -7.76997 0 1.5
123 -7.75997 0 1.5
124 -7.74997 0 1.5
125 -7.73997 0 1.5
126 -7.72997 0 1.5
127 -7.71997 0 1.5
128 -7.70997 0 1.5
129 -7.69997 0 1.5
130 -7.68997 0 1.5
131 -7.67997 0 1.5
132 -7.66997 0 1.5
133 -7.65997 0 1.5
134 -7.64997 0 1.5
135 -7.63997 0 1.5
136 -7.62997 0 1.5
137 -7.61997 0 1.5
138 -7.60997 0 1.5
139 -7.59997 0 1.5
140 -7.58997 0 1.5
141 -7.57997 0 1.5
142 -7.56997 0 1.5
143 -7.55997 0 1.5
144 -7.54997 0 1.5
145 -7.53997 0 1.5
146 -7.52997 0 1.5
147 -7.51997 0 1.5
148 -7.50997 0 1.5
149 -7.49997 0 1.5
150 -7.48997 0 1.5
151 -7.47997 0 1.5
152 -7.46996 0 1.5
153 -7.45996 0 1.5
154 -7.44996 0 1.5
155 -7.43996 0 1.5
156 -7.42996 0 1.5
157 -7.41996 0 1.5
158 -7.40996 0 1.5
159 -7.39996 0 1.5
160 -7.38996 0 1.5
161 -7.37996 0 1.5
162 -7.36996 0 1.5
163 -7.35996 0 1.5
164 -7.34996 0 1.5
165 -7.33996 0 1.5
166 -7.32996 0 1.5
167 -7.31996 0 1.5
168 -7.30996 0 1.5
169 -7.29996 0 1.5
170 -7.28996 0 1.5
171 -7.27996 0 1.5
172 -7.26996 0 1.5
173 -7.25996 0 1.5
174 -7.24996 0 1.5
175 -7.23996 0 1.5
176 -7.22996 0 1.5
177 -7.21996 0 1.5
178 -7.20996 0 1.5
179 -7.19996 0 1.5
180 -7.18996 0 1.5
181 -7.17996 0 1.5
182 -7.16996 0 1.5
183 -7.15996 0 1.5
184 -7.14996 0 1.5
185 -7.13996 0 1.5
186 -7.12996 0 1.5
187 -7.11996 0 1.5
188 -7.10996 0 1.5
189 -7.09996 0 1.5
190 -7.08996 0 1.5
191 -7.07996 0 1.5
192 -7.06996 0 1.5
193 -7.05996 0 1.5
194 -7.04996 0 1.5
195 -7.03996 0 1.5
196 -7.02995 0 1.5
197 -7.01995 0 1.5
198 -7.00995 0 1.5
199 -6.99995 0 1.5
200 -6.98995 0 1.5
201 -6.97995 0 1.5
202 -6.96995 0 1.5
203 -6.95995 0 1.5
204 -6.94995 0 1.5
205 -6.93995 0 1.5
206 -6.92995 0 1.5
207 -6.91995 0 1.5
208 -6.90995 0 1.5
209 -6.89995 0 1.5
210 -6.88995 0 1.5
211 -6.87995 0 1.5
212 -6.86995 0 1.5
213 -6.85995 0 1.5
214 -6.84995 0 1.5
215 -6.83995 0 1.5
216 -6.82995 0 1.5
217 -6.81995 0 1.5
218 -6.80995 0 1.5
219 -6.79995 0 1.5
220 -6.78995 0 1.5
221 -6.77995 0 1.5
222 -6.76995 0 1.5
223 -6.75995 0 1.5
224 -6.74995 0 1.5
225 -6.73995 0 1.5
226 -6.72995 0 1.5
227 -6.71995 0 1.5
228 -6.70995 0 1.5
229 -6.69995 0 1.5
230 -6.68995 0 1.5
231 -6.67995 0 1.5
232 -6.66995 0 1.5
233 -6.65995 0 1.5
234 -6.64995 0 1.5
235 -6.63995 0 1.5
236 -6.62995 0 1.5
237 -6.61995 0 1.5
238 -6.60995 0 1.5
239 -6.59995 0 1.5
240 -6.58994 0 1.5
241 -6.57994 0 1.5
242 -6.56994 0 1.5
243 -6.55994 0 1.5
244 -6.54994 0 1.5
245 -6.53994 0 1.5
246 -6.52994 0 1.5
247 -6.51994 0 1.5
248 -6.50994 0 1.5
249 -6.49994 0 1.5
250 -6.48994 0 1.5
251 -6.47994 0 1.5
252 -6.46994 0 1.5
253 -6.45994 0 1.5
254 -6.44994 0 1.5
255 -6.43994 0 1.5
256 -6.42994 0 1.5
257 -6.41994 0 1.5
258 -6.40994 0 1.5
259 -6.39994 0 1.5
260 -6.38994 0 1.5
261 -6.37994 0 1.5
262 -6.36994 0 1.5
263 -6.35994 0 1.5
264 -6.34994 0 1.5
265 -6.33994 0 1.5
266 -6.32994 0 1.5
267 -6.31994 0 1.5
268 -6.30994 0 1.5
269 -6.29994 0 1.5
270 -6.28994 0 1.5
271 -6.27994 0 1.5
272 -6.26994 0 1.5
273 -6.25994 0 1.5
274 -6.24994 0 1.5
275 -6.23994 0 1.5
276 -6.22994 0 1.5
277 -6.21994 0 1.5
278 -6.20994 0 1.5
279 -6.19994 0 1.5
280 -6.18994 0 1.5
281 -6.17994 0 1.5
282 -6.16994 0 1.5
283 -6.15993 0 1.5
284 -6.14993 0 1.5
285 -6.13993 0 1.5
286 -6.12993 0 1.5
287 -6.11993 0 1.5
288 -6.10993 0 1.5
289 -6.09993 0 1.5
290 -6.08993 0 1.5
291 -6.07993 0 1.5
292 -6.06993 0 1.5
293 -6.05993 0 1.5
294 -6.04993 0 1.5
295 -6.03993 0 1.5
296 -6.02993 0 1.5
297 -6.01993 0 1.5
298 -6.00993 0 1.5
299 -5.99993 0 1.5
300 -5.98993 0 1.5
301 -5.97993 0 1.5
302 -5.96993 0 1.5
303 -5.95993 0 1.5
304 -5.94993 0 1.5
305 -5.93993 0 1.5
306 -5.92993 0 1.5
307 -5.91993 0 1.5
308 -5.90993 0 1.5
309 -5.89993 0 1.5
310 -5.88993 0 1.5
311 -5.87993 0 1.5
312 -5.86993 0 1.5
313 -5.85993 0 1.5
314 -5.84993 0 1.5
315 -5.83993 0 1.5
316 -5.82993 0 1.5
317 -5.81993 0 1.5
318 -5.80993 0 1.5
319 -5.79993 0 1.5
320 -5.78993 0 1.5
321 -5.77993 0 1.5
322 -5.76993 0 1.5
323 -5.75993 0 1.5
324 -5.74993 0 1.5
325 -5.73993 0 1.5
326 -5.72993 0 1.5
327 -5.71992 0 1.5
328 -5.70992 0 1.5
329 -5.69992 0 1.5
330 -5.68992 0 1.5
331 -5.67992 0 1.5
332 -5.66992 0 1.5
333 -5.65992 0 1.5
334 -5.64992 0 1.5
335 -5.63992 0 1.5
336 -5.62992 0 1.5
337 -5.61992 0 1.5
338 -5.60992 0 1.5
339 -5.59992 0 1.5
340 -5.58992 0 1.5
341 -5.57992 0 1.5
342 -5.56992 0 1.5
343 -5.55992 0 1.5
344 -5.54992 0 1.5
345 -5.53992 0 1.5
346 -5.52992 0 1.5
347 -5.51992 0 1.5
348 -5.50992 0 1.5
349 -5.49992 0 1.5
350 -5.48992 0 1.5
351 -5.47992 0 1.5
352 -5.46992 0 1.5
353 -5.45992 0 1.5
354 -5.44992 0 1.5
355 -5.43992 0 1.5
356 -5.42992 0 1.5
357 -5.41992 0 1.5
358 -5.40992 0 1.5
359 -5.39992 0 1.5
360 -5.38992 0 1.5
361 -5.37992 0 1.5
362 -5.36992 0 1.5
363 -5.35992 0 1.5
364 -5.34992 0 1.5
365 -5.33992 0 1.5
366 -5.32992 0 1.5
367 -5.31992 0 1.5
368 -5.30992 0 1.5
369 -5.29992 0 1.5
370 -5.28992 0 1.5
371 -5.27991 0 1.5
372 -5.26991 0 1.5
373 -5.25991 0 1.5
374 -5.24991 0 1.5
375 -5.23991 0 1.5
376 -5.22991 0 1.5
377 -5.21991 0 1.5
378 -5.20991 0 1.5
379 -5.19991 0 1.5
380 -5.18991 0 1.5
381 -5.17991 0 1.5
382 -5.16991 0 1.5
383 -5.15991 0 1.5
384 -5.14991 0 1.5
385 -5.13991 0 1.5
386 -5.12991 0 1.5
387 -5.11991 0 1.5
388 -5.10991 0 1.5
389 -5.09991 0 1.5
390 -5.08991 0 1.5
391 -5.07991 0 1.5
392 -5.06991 0 1.5
393 -5.05991 0 1.5
394 -5.04991 0 1.5
395 -5.03991 0 1.5
396 -5.02991 0 1.5
397 -5.01991 0 1.5
398 -5.00991 0 1.5
399 -4.99991 0 1.5
400 -4.98991 0 1.5
401 -4.97991 0 1.5
402 -4.96991 0 1.5
403 -4.95991 0 1.5
404 -4.94991 0 1.5
405 -4.93991 0 1.5
406 -4.92991 0 1.5
407 -4.91991 0 1.5
408 -4.90991 0 1.5
409 -4.89991 0 1.5
410 -4.88991 0 1.5
411 -4.87991 0 1.5
412 -4.86991 0 1.5
413 -4.85991 0 1.5
414 -4.84991 0 1.5
415 -4.8399 0 1.5
416 -4.8299 0 1.5
417 -4.8199 0 1.5
418 -4.8099 0 1.5
419 -4.7999 0 1.5
420 -4.7899 0 1.5
421 -4.7799 0 1.5
422 -4.7699 0 1.5
423 -4.7599 0 1.5
424 -4.7499 0 1.5
425 -4.7399 0 1.5
426 -4.7299 0 1.5
427 -4.7199 0 1.5
428 -4.7099 0 1.5
429 -4.6999 0 1.5
430 -4.6899 0 1.5
431 -4.6799 0 1.5
432 -4.6699 0 1.5
433 -4.6599 0 1.5
434 -4.6499 0 1.5
435 -4.6399 0 1.5
436 -4.6299 0 1.5
437 -4.6199 0 1.5
438 -4.6099 0 1.5
439 -4.5999 0 1.5
440 -4.5899 0 1.5
441 -4.5799 0 1.5
442 -4.5699 0 1.5
443 -4.5599 0 1.5
444 -4.5499 0 1.5
445 -4.5399 0 1.5
446 -4.5299 0 1.5
447 -4.5199 0 1.5
448 -4.5099 0 1.5
449 -4.4999 0 1.5
450 -4.4899 0 1.5
451 -4.4799 0 1.5
452 -4.4699 0 1.5
453 -4.4599 0 1.5
454 -4.4499 0 1.5
455 -4.4399 0 1.5
456 -4.4299 0 1.5
457 -4.4199 0 1.5
458 -4.40989 0 1.5
459 -4.39989 0 1.5
460 -4.38989 0 1.5
461 -4.37989 0 1.5
462 -4.36989 0 1.5
463 -4.35989 0 1.5
464 -4.34989 0 1.5
465 -4.33989 0 1.5
466 -4.32989 0 1.5
467 -4.31989 0 1.5
468 -4.30989 0 1.5
469 -4.29989 0 1.5
470 -4.28989 0 1.5
471 -4.27989 0 1.5
472 -4.26989 0 1.5
473 -4.25989 0 1.5
474 -4.24989 0 1.5
475 -4.23989 0 1.5
476 -4.22989 0 1.5
477 -4.21989 0 1.5
478 -4.20989 0 1.5
479 -4.19989 0 1.5
480 -4.18989 0 1.5
481 -4.17989 0 1.5
482 -4.16989 0 1.5
483 -4.15989 0 1.5
484 -4.14989 0 1.5
485 -4.13989 0 1.5
486 -4.12989 0 1.5
487 -4.11989 0 1.5
488 -4.10989 0 1.5
489 -4.09989 0 1.5
490 -4.08989 0 1.5
491 -4.07989 0 1.5
492 -4.06989 0 1.5
493 -4.05989 0 1.5
494 -4.04989 0 1.5
495 -4.03989 0 1.5
496 -4.02989 0 1.5
497 -4.01989 0 1.5
498 -4.00989 0 1.5
499 -3.99989 0 1.5
500 -3.98989 0 1.5
501 -3.97989 0 1.5
502 -3.96989 0 1.5
503 -3.95989 0 1.5
504 -3.94989 0 1.5
505 -3.93989 0 1.5
506 -3.92989 0 1.5
507 -3.91989 0 1.5
508 -3.90989 0 1.5
509 -3.89989 0 1.5
510 -3.88989 0 1.5
511 -3.87989 0 1.5
512 -3.86989 0 1.5
513 -3.85989 0 1.5
514 -3.84989 0 1.5
515 -3.83989 0 1.5
516 -3.82989 0 1.5
517 -3.81989 0 1.5
518 -3.80989 0 1.5
519 -3.79989 0 1.5
520 -3.78989 0 1.5
521 -3.77989 0 1.5
522 -3.76989 0 1.5
523 -3.75989 0 1.5
524 -3.74989 0 1.5
525 -3.73989 0 1.5
526 -3.72989 0 1.5
527 -3.71989 0 1.5
528 -3.70989 0 1.5
529 -3.69989 0 1.5
530 -3.68989 0 1.5
531 -3.67989 0 1.5
532 -3.66989 0 1.5
533 -3.65989 0 1.5
534 -3.64989 0 1.5
535 -3.63989 0 1.5
536 -3.62989 0 1.5
537 -3.61989 0 1.5
538 -3.60989 0 1.5
539 -3.59989 0 1.5
540 -3.58989 0 1.5
541 -3.57989 0 1.5
542 -3.56989 0 1.5
543 -3.55989 0 1.5
544 -3.54989 0 1.5
545 -3.53989 0 1.5
546 -3.52989 0 1.5
547 -3.51989 0 1.5
548 -3.50989 0 1.5
549 -3.49989 0 1.5
550 -3.48989 0 1.5
551 -3.47989 0 1.5
552 -3.46989 0 1.5
553 -3.45989 0 1.5
554 -3.44989 0 1.5
555 -3.43989 0 1.5
556 -3.42989 0 1.5
557 -3.41989 0 1.5
558 -3.40989 0 1.5
559 -3.39989 0 1.5
560 -3.38989 0 1.5
561 -3.37989 0 1.5
562 -3.36989 0 1.5
563 -3.35989 0 1.5
564 -3.34989 0 1.5
565 -3.33989 0 1.5
566 -3.32989 0 1.5
567 -3.31989 0 1.5
568 -3.30989 0 1.5
569 -3.29989 0 1.5
570 -3.28989 0 1.5
571 -3.27989 0 1.5
572 -3.26989 0 1.5
573 -3.25989 0 1.5
574 -3.24989 0 1.5
575 -3.23989 0 1.5
576 -3.22989 0 1.5
577 -3.21989 0 1.5
578 -3.20989 0 1.5
579 -3.19989 0 1.5
580 -3.18989 0 1.5
581 -3.17989 0 1.5
582 -3.16989 0 1.5
583 -3.15989 0 1.5
584 -3.14989 0 1.5
585 -3.13989 0 1.5
586 -3.12989 0 1.5
587 -3.11989 0 1.5
588 -3.10989 0 1.5
589 -3.09989 0 1.5
590 -3.08989 0 1.5
591 -3.07989 0 1.5
592 -3.06989 0 1.5
593 -3.05989 0 1.5
594 -3.04989 0 1.5
595 -3.03989 0 1.5
596 -3.02989 0 1.5
597 -3.01989 0 1.5
598 -3.00989 0 1.5
599 -2.99989 0 1.5
600 -2.98989 0 1.5
601 -2.97989 0 1.5
602 -2.96989 0 1.5
603 -2.95989 0 1.5
604 -2.94989 0 1.5
605 -2.93989 0 1.5
606 -2.92989 0 1.5
607 -2.91989 0 1.5
608 -2.90989 0 1.5
609 -2.89989 0 1.5
610 -2.88989 0 1.5
611 -2.87989 0 1.5
612 -2.86989 0 1.5
613 -2.85989 0 1.5
614 -2.84989 0 1.5
615 -2.83989 0 1.5
616 -2.82989 0 1.5
617 -2.81989 0 1.5
618 -2.80989 0 1.5
619 -2.79989 0 1.5
620 -2.78989 0 1.5
621 -2.77989 0 1.5
622 -2.76989 0 1.5
623 -2.75989 0 1.5
624 -2.74989 0 1.5
625 -2.73989 0 1.5
626 -2.72989 0 1.5
627 -2.71989 0 1.5
628 -2.70989 0 1.5
629 -2.69989 0 1.5
630 -2.68989 0 1.5
631 -2.67989 0 1.5
632 -2.66989 0 1.5
633 -2.65989 0 1.5
634 -2.64989 0 1.5
635 -2.63989 0 1.5
636 -2.62989 0 1.5
637 -2.61989 0 1.5
638 -2.60989 0 1.5
639 -2.59989 0 1.5
640 -2.58989 0 1.5
641 -2.57989 0 1.5
642 -2.56989 0 1.5
643 -2.55989 0 1.5
644 -2.54989 0 1.5
645 -2.53989 0 1.5
646 -2.52989 0 1.5
647 -2.51989 0 1.5
648 -2.50989 0 1.5
649 -2.49989 0 1.5
650 -2.48989 0 1.5
651 -2.47989 0 1.5
652 -2.46989 0 1.5
653 -2.45989 0 1.5
654 -2.44989 0 1.5
655 -2.43989 0 1.5
656 -2.42989 0 1.5
657 -2.41989 0 1.5
658 -2.40989 0 1.5
659 -2.39989 0 1.5
660 -2.38989 0 1.5
661 -2.37989 0 1.5
662 -2.36989 0 1.5
663 -2.35989 0 1.5
664 -2.34989 0 1.5
665 -2.33989 0 1.5
666 -2.32989 0 1.5
667 -2.31989 0 1.5
668 -2.30989 0 1.5
669 -2.29989 0 1.5
670 -2.28989 0 1.5
671 -2.27989 0 1.5
672 -2.26989 0 1.5
673 -2.25989 0 1.5
674 -2.24989 0 1.5
675 -2.23989 0 1.5
676 -2.22989 0 1.5
677 -2.21989 0 1.5
678 -2.20989 0 1.5
679 -2.19989 0 1.5
680 -2.18989 0 1.5
681 -2.17989 0 1.5
682 -2.16989 0 1.5
683 -2.15989 0 1.5
684 -2.14989 0 1.5
685 -2.13989 0 1.5
686 -2.12989 0 1.5
687 -2.11989 0 1.5
688 -2.10989 0 1.5
689 -2.09989 0 1.5
690 -2.08989 0 1.5
691 -2.07989 0 1.5
692 -2.06989 0 1.5
693 -2.05989 0 1.5
694 -2.04989 0 1.5
695 -2.03989 0 1.5
696 -2.02989 0 1.5
697 -2.01989 0 1.5
698 -2.00989 0 1.5
699 -1.99989 0 1.5
700 -1.98989 0 1.5
701 -1.97989 0 1.5
702 -1.96989 0 1.5
703 -1.95989 0 1.5
704 -1.94989 0 1.5
705 -1.93989 0 1.5
706 -1.92989 0 1.5
707 -1.91989 0 1.5
708 -1.90989 0 1.5
709 -1.89989 0 1.5
710 -1.88989 0 1.5
711 -1.87989 0 1.5
712 -1.86989 0 1.5
713 -1.85989 0 1.5
714 -1.84989 0 1.5
715 -1.83989 0 1.5
716 -1.82989 0 1.5
717 -1.81989 0 1.5
718 -1.80989 0 1.5
719 -1.79989 0 1.5
720 -1.78989 0 1.5
721 -1.77989 0 1.5
722 -1.76989 0 1.5
723 -1.75989 0 1.5
724 -1.74989 0 1.5
725 -1.73989 0 1.5
726 -1.72989 0 1.5
727 -1.71989 0 1.5
728 -1.70989 0 1.5
729 -1.69989 0 1.5
730 -1.68989 0 1.5
731 -1.67989 0 1.5
732 -1.66989 0 1.5
733 -1.65989 0 1.5
734 -1.64989 0 1.5
735 -1.63989 0 1.5
736 -1.62989 0 1.5
737 -1.61989 0 1.5
738 -1.60989 0 1.5
739 -1.59989 0 1.5
740 -1.58989 0 1.5
741 -1.57989 0 1.5
742 -1.56989 0 1.5
743 -1.55989 0 1.5
744 -1.54989 0 1.5
745 -1.53989 0 1.5
746 -1.52989 0 1.5
747 -1.51989 0 1.5
748 -1.50989 0 1.5
749 -1.49989 0 1.5
750 -1.49589 0 1.5
751 -1.49189 0 1.50001
752 -1.48789 0 1.50003
753 -1.48389 0 1.50007
754 -1.47989 0 1.50013
755 -1.47589 0 1.5002
756 -1.47189 0 1.50029
757 -1.46789 0 1.50039
758 -1.46389 0 1.50051
759 -1.45989 0 1.50065
760 -1.45589 0 1.5008
761 -1.45189 0 1.50097
762 -1.44789 0 1.50115
763 -1.44389 0 1.50135
764 -1.43989 0 1.50157
765 -1.43589 0 1.5018
766 -1.43189 0 1.50205
767 -1.42789 0 1.50231
768 -1.42389 0 1.5026
769 -1.41989 0 1.50289
770 -1.41589 0 1.50321
771 -1.41189 0 1.50353
772 -1.40789 0 1.50388
773 -1.40389 0 1.50424
774 -1.39989 0 1.50462
775 -1.39589 0 1.50501
776 -1.39189 0 1.50542
777 -1.38789 0 1.50585
778 -1.38389 0 1.50629
779 -1.37989 0 1.50675
780 -1.37589 0 1.50723
781 -1.37189 0 1.50772
782 -1.36789 0 1.50823
783 -1.36389 0 1.50875
784 -1.35989 0 1.50929
785 -1.35589 0 1.50985
786 -1.35189 0 1.51042
787 -1.34789 0 1.51101
788 -1.34389 0 1.51162
789 -1.33989 0 1.51224
790 -1.33589 0 1.51288
791 -1.33189 0 1.51354
792 -1.32789 0 1.51421
793 -1.32389 0 1.5149
794 -1.31989 0 1.51561
795 -1.31589 0 1.51633
796 -1.31189 0 1.51707
797 -1.30789 0 1.51783
798 -1.30389 0 1.51861
799 -1.29989 0 1.5194
800 -1.29589 0 1.5202
801 -1.29189 0 1.52103
802 -1.28789 0 1.52187
803 -1.28389 0 1.52273
804 -1.27989 0 1.52361
805 -1.27589 0 1.5245
806 -1.27189 0 1.52541
807 -1.26789 0 1.52634
808 -1.26389 0 1.52728
809 -1.25989 0 1.52825
810 -1.25589 0 1.52923
811 -1.25189 0 1.53022
812 -1.24789 0 1.53124
813 -1.24389 0 1.53227
814 -1.23989 0 1.53332
815 -1.23589 0 1.53439
816 -1.23189 0 1.53548
817 -1.22789 0 1.53658
818 -1.22389 0 1.5377
819 -1.21989 0 1.53884
820 -1.21589 0 1.54
821 -1.21189 0 1.54118
822 -1.20789 0 1.54237
823 -1.20389 0 1.54358
824 -1.19989 0 1.54481
825 -1.19589 0 1.54606
826 -1.19189 0 1.54733
827 -1.18789 0 1.54861
828 -1.18389 0 1.54992
829 -1.17989 0 1.55124
830 -1.17589 0 1.55258
831 -1.17189 0 1.55394
832 -1.16789 0 1.55532
833 -1.16389 0 1.55672
834 -1.15989 0 1.55814
835 -1.15589 0 1.55957
836 -1.15189 0 1.56103
837 -1.14789 0 1.56251
838 -1.14389 0 1.564
839 -1.13989 0 1.56551
840 -1.13589 0 1.56705
841 -1.13189 0 1.5686
842 -1.12789 0 1.57017
843 -1.12389 0 1.57177
844 -1.11989 0 1.57338
845 -1.11589 0 1.57501
846 -1.11189 0 1.57667
847 -1.10789 0 1.57834
848 -1.10389 0 1.58003
849 -1.09989 0 1.58175
850 -1.09589 0 1.58348
851 -1.09189 0 1.58524
852 -1.08789 0 1.58702
853 -1.08389 0 1.58882
854 -1.07989 0 1.59064
855 -1.07589 0 1.59248
856 -1.07189 0 1.59434
857 -1.06789 0 1.59622
858 -1.06389 0 1.59813
859 -1.05989 0 1.60005
860 -1.05589 0 1.602
861 -1.05189 0 1.60397
862 -1.04789 0 1.60597
863 -1.04389 0 1.60798
864 -1.03989 0 1.61002
865 -1.03589 0 1.61208
866 -1.03189 0 1.61416
867 -1.02789 0 1.61627
868 -1.02389 0 1.6184
869 -1.01989 0 1.62055
870 -1.01589 0 1.62273
871 -1.01189 0 1.62493
872 -1.00789 0 1.62716
873 -1.00389 0 1.6294
874 -0.999895 0 1.63168
875 -0.995895 0 1.63397
876 -0.991895 0 1.6363
877 -0.987895 0 1.63864
878 -0.983895 0 1.64101
879 -0.979895 0 1.64341
880 -0.975895 0 1.64583
881 -0.971895 0 1.64828
882 -0.967894 0 1.65076
883 -0.963894 0 1.65326
884 -0.959894 0 1.65578
885 -0.955894 0 1.65833
886 -0.951894 0 1.66091
887 -0.947894 0 1.66352
888 -0.943894 0 1.66616
889 -0.939894 0 1.66882
890 -0.935894 0 1.67151
891 -0.931894 0 1.67423
892 -0.927894 0 1.67697
893 -0.923894 0 1.67975
894 -0.919894 0 1.68255
895 -0.915894 0 1.68538
896 -0.911894 0 1.68825
897 -0.907894 0 1.69114
898 -0.903894 0 1.69406
899 -0.899894 0 1.69702
900 -0.895894 0 1.7
901 -0.891894 0 1.70302
902 -0.887894 0 1.70606
903 -0.883894 0 1.70914
904 -0.879894 0 1.71225
905 -0.875894 0 1.7154
906 -0.871894 0 1.71858
907 -0.867894 0 1.72179
908 -0.863894 0 1.72503
909 -0.859894 0 1.72831
910 -0.855894 0 1.73163
911 -0.851894 0 1.73497
912 -0.847894 0 1.73836
913 -0.843894 0 1.74178
914 -0.839894 0 1.74524
915 -0.835894 0 1.74873
916 -0.831894 0 1.75227
917 -0.827894 0 1.75584
918 -0.823894 0 1.75945
919 -0.819894 0 1.7631
920 -0.815894 0 1.76679
921 -0.811894 0 1.77052
922 -0.807894 0 1.77429
923 -0.803894 0 1.7781
924 -0.799894 0 1.78196
925 -0.795894 0 1.78586
926 -0.791894 0 1.7898
927 -0.787894 0 1.79379
928 -0.783894 0 1.79782
929 -0.779894 0 1.8019
930 -0.775894 0 1.80603
931 -0.771894 0 1.8102
932 -0.767894 0 1.81442
933 -0.763894 0 1.8187
934 -0.759894 0 1.82302
935 -0.755894 0 1.82739
936 -0.751894 0 1.83182
937 -0.747894 0 1.8363
938 -0.743894 0 1.84084
939 -0.739894 0 1.84543
940 -0.735894 0 1.85008
941 -0.731894 0 1.85478
942 -0.727894 0 1.85955
943 -0.723894 0 1.86438
944 -0.719894 0 1.86927
945 -0.715894 0 1.87422
946 -0.711894 0 1.87924
947 -0.707894 0 1.88432
948 -0.703894 0 1.88948
949 -0.699894 0 1.8947
950 -0.695894 0 1.9
951 -0.691894 0 1.90537
952 -0.687894 0 1.91082
953 -0.683894 0 1.91634
954 -0.679894 0 1.92195
955 -0.675894 0 1.92764
956 -0.671894 0 1.93341
957 -0.667894 0 1.93927
958 -0.663894 0 1.94522
959 -0.659894 0 1.95127
960 -0.655894 0 1.95741
961 -0.651894 0 1.96366
962 -0.647894 0 1.97
963 -0.643894 0 1.97646
964 -0.639894 0 1.98302
965 -0.635894 0 1.98971
966 -0.631894 0 1.99651
967 -0.627894 0 2.00344
968 -0.623894 0 2.01049
969 -0.619894 0 2.01769
970 -0.615894 0 2.02503
971 -0.611894 0 2.03251
972 -0.607894 0 2.04016
973 -0.603894 0 2.04796
974 -0.599894 0 2.05595
975 -0.595894 0 2.06411
976 -0.591894 0 2.07247
977 -0.587894 0 2.08103
978 -0.583894 0 2.08981
979 -0.579894 0 2.09882
980 -0.575894 0 2.10808
981 -0.571894 0 2.11761
982 -0.567894 0 2.12742
983 -0.563894 0 2.13754
984 -0.559894 0 2.148
985 -0.555894 0 2.15883
986 -0.551894 0 2.17005
987 -0.547894 0 2.18173
988 -0.543894 0 2.1939
989 -0.539894 0 2.20663
990 -0.535894 0 2.22
991 -0.531894 0 2.2341
992 -0.527894 0 2.24905
993 -0.523894 0 2.26502
994 -0.519894 0 2.28223
995 -0.515894 0 2.301
996 -0.511894 0 2.32183
997 -0.507894 0 2.34555
998 -0.503894 0 2.37376
999 -0.499894 0 2.41065
1000 -0.499894 0 2.42065
1001 -0.499894 0 2.43065
1002 -0.499894 0 2.44065
1003 -0.499894 0 2.45065
1004 -0.499894 0 2.46065
1005 -0.499894 0 2.47065
1006 -0.499894 0 2.48065
1007 -0.499894 0 2.49065
1008 -0.499894 0 2.50065
1009 -0.499894 0 2.51065
1010 -0.499894 0 2.52065
1011 -0.499894 0 2.53065
1012 -0.499894 0 2.54065
1013 -0.499894 0 2.55065
1014 -0.499894 0 2.56065
1015 -0.499894 0 2.57065
1016 -0.499894 0 2.58065
1017 -0.499894 0 2.59065
1018 -0.499894 0 2.60065
1019 -0.499894 0 2.61065
1020 -0.499894 0 2.62065
1021 -0.499894 0 2.63065
1022 -0.499894 0 2.64065
1023 -0.499894 0 2.65065
1024 -0.499894 0 2.66065
1025 -0.499894 0 2.67065
1026 -0.499894 0 2.68065
1027 -0.499894 0 2.69065
1028 -0.499894 0 2.70065
1029 -0.499894 0 2.71065
1030 -0.499894 0 2.72065
1031 -0.499894 0 2.73065
1032 -0.499894 0 2.74065
1033 -0.499894 0 2.75065
1034 -0.499894 0 2.76065
1035 -0.499894 0 2.77065
1036 -0.499894 0 2.78065
1037 -0.499894 0 2.79065
1038 -0.499894 0 2.80065
1039 -0.499894 0 2.81065
1040 -0.499894 0 2.82065
1041 -0.499894 0 2.83065
1042 -0.499894 0 2.84065
1043 -0.499894 0 2.85065
1044 -0.499894 0 2.86065
1045 -0.499894 0 2.87065
1046 -0.499894 0 2.88065
1047 -0.499894 0 2.89065
1048 -0.499894 0 2.90065
1049 -0.499894 0 2.91065
1050 -0.499894 0 2.92065
1051 -0.499894 0 2.93065
1052 -0.499894 0 2.94065
1053 -0.499894 0 2.95065
1054 -0.499894 0 2.96065
1055 -0.499894 0 2.97065
1056 -0.499894 0 2.98065
1057 -0.499894 0 2.99065
1058 -0.499894 0 3.00065
1059 -0.499894 0 3.01065
1060 -0.499894 0 3.02065
1061 -0.499894 0 3.03065
1062 -0.499894 0 3.04065
1063 -0.499894 0 3.05065
1064 -0.499894 0 3.06065
1065 -0.499894 0 3.07065
1066 -0.499894 0 3.08065
1067 -0.499894 0 3.09065
1068 -0.499894 0 3.10065
1069 -0.499894 0 3.11065
1070 -0.499894 0 3.12065
1071 -0.499894 0 3.13065
1072 -0.499894 0 3.14065
1073 -0.499894 0 3.15065
1074 -0.499894 0 3.16065
1075 -0.499894 0 3.17065
1076 -0.499894 0 3.18065
1077 -0.499894 0 3.19065
1078 -0.499894 0 3.20065
1079 -0.499894 0 3.21065
1080 -0.499894 0 3.22065
1081 -0.499894 0 3.23065
1082 -0.499894 0 3.24065
1083 -0.499894 0 3.25065
1084 -0.499894 0 3.26065
1085 -0.499894 0 3.27065
1086 -0.499894 0 3.28065
1087 -0.499894 0 3.29065
1088 -0.499894 0 3.30065
1089 -0.499894 0 3.31065
1090 -0.499894 0 3.32065
1091 -0.499894 0 3.33065
1092 -0.499894 0 3.34065
1093 -0.499894 0 3.35065
1094 -0.499894 0 3.36065
1095 -0.499894 0 3.37065
1096 -0.499894 0 3.38065
1097 -0.499894 0 3.39065
1098 -0.499894 0 3.40065
1099 -0.499894 0 3.41065
1100 -0.499894 0 3.42065
1101 -0.499894 0 3.43065
1102 -0.499894 0 3.44065
1103 -0.499894 0 3.45065
1104 -0.499894 0 3.46065
1105 -0.499894 0 3.47065
1106 -0.499894 0 3.48065
1107 -0.499894 0 3.49065
1108 -0.499894 0 3.50065
1109 -0.499894 0 3.51065
1110 -0.499894 0 3.52065
1111 -0.499894 0 3.53065
1112 -0.499894 0 3.54065
1113 -0.499894 0 3.55065
1114 -0.499894 0 3.56065
1115 -0.499894 0 3.57065
1116 -0.499894 0 3.58065
1117 -0.499894 0 3.59065
1118 -0.499894 0 3.60065
1119 -0.499894 0 3.61065
1120 -0.499894 0 3.62065
1121 -0.499894 0 3.63065
1122 -0.499894 0 3.64065
1123 -0.499894 0 3.65065
1124 -0.499894 0 3.66065
1125 -0.499894 0 3.67065
1126 -0.499894 0 3.68065
1127 -0.499894 0 3.69065
1128 -0.499894 0 3.70065
1129 -0.499894 0 3.71065
1130 -0.499894 0 3.72065
1131 -0.499894 0 3.73065
1132 -0.499894 0 3.74065
1133 -0.499894 0 3.75065
1134 -0.499894 0 3.76065
1135 -0.499894 0 3.77065
1136 -0.499894 0 3.78065
1137 -0.499894 0 3.79065
1138 -0.499894 0 3.80065
1139 -0.499894 0 3.81065
1140 -0.499894 0 3.82065
1141 -0.499894 0 3.83065
1142 -0.499894 0 3.84065
1143 -0.499894 0 3.85065
1144 -0.499894 0 3.86065
1145 -0.499894 0 3.87065
1146 -0.499894 0 3.88065
1147 -0.499894 0 3.89065
1148 -0.499894 0 3.90065
1149 -0.499894 0 3.91065
1150 -0.499894 0 3.92065
1151 -0.499894 0 3.93065
1152 -0.499894 0 3.94065
1153 -0.499894 0 3.95065
1154 -0.499894 0 3.96065
1155 -0.499894 0 3.97065
1156 -0.499894 0 3.98065
1157 -0.499894 0 3.99065
1158 -0.499894 0 4.00065
1159 -0.499894 0 4.01065
1160 -0.499894 0 4.02065
1161 -0.499894 0 4.03065
1162 -0.499894 0 4.04065
1163 -0.499894 0 4.05065
1164 -0.499894 0 4.06065
1165 -0.499894 0 4.07065
1166 -0.499894 0 4.08065
1167 -0.499894 0 4.09065
1168 -0.499894 0 4.10065
1169 -0.499894 0 4.11065
1170 -0.499894 0 4.12065
1171 -0.499894 0 4.13065
1172 -0.499894 0 4.14065
1173 -0.499894 0 4.15065
1174 -0.499894 0 4.16065
1175 -0.499894 0 4.17065
1176 -0.499894 0 4.18065
1177 -0.499894 0 4.19065
1178 -0.499894 0 4.20065
1179 -0.499894 0 4.21065
1180 -0.499894 0 4.22065
1181 -0.499894 0 4.23065
1182 -0.499894 0 4.24065
1183 -0.499894 0 4.25065
1184 -0.499894 0 4.26065
1185 -0.499894 0 4.27065
1186 -0.499894 0 4.28065
1187 -0.499894 0 4.29065
1188 -0.499894 0 4.30065
1189 -0.499894 0 4.31065
1190 -0.499894 0 4.32065
1191 -0.499894 0 4.33065
1192 -0.499894 0 4.34065
1193 -0.499894 0 4.35065
1194 -0.499894 0 4.36065
1195 -0.499894 0 4.37065
1196 -0.499894 0 4.38065
1197 -0.499894 0 4.39065
1198 -0.499894 0 4.40065
1199 -0.499894 0 4.41065
1200 -0.499894 0 4.42065
1201 -0.499894 0 4.43066
1202 -0.499894 0 4.44066
1203 -0.499894 0 4.45066
1204 -0.499894 0 4.46066
1205 -0.499894 0 4.47066
1206 -0.499894 0 4.48066
1207 -0.499894 0 4.49066
1208 -0.499894 0 4.50066
1209 -0.499894 0 4.51066
1210 -0.499894 0 4.52066
1211 -0.499894 0 4.53066
1212 -0.499894 0 4.54066
1213 -0.499894 0 4.55066
1214 -0.499894 0 4.56066
1215 -0.499894 0 4.57066
1216 -0.499894 0 4.58066
1217 -0.499894 0 4.59066
1218 -0.499894 0 4.60066
1219 -0.499894 0 4.61066
1220 -0.499894 0 4.62066
1221 -0.499894 0 4.63066
1222 -0.499894 0 4.64066
1223 -0.499894 0 4.65066
1224 -0.499894 0 4.66066
1225 -0.499894 0 4.67066
1226 -0.499894 0 4.68066
1227 -0.499894 0 4.69066
1228 -0.499894 0 4.70066
1229 -0.499894 0 4.71066
1230 -0.499894 0 4.72066
1231 -0.499894 0 4.73066
1232 -0.499894 0 4.74066
1233 -0.499894 0 4.75066
1234 -0.499894 0 4.76066
1235 -0.499894 0 4.77066
1236 -0.499894 0 4.78066
1237 -0.499894 0 4.79066
1238 -0.499894 0 4.80066
1239 -0.499894 0 4.81066
1240 -0.499894 0 4.82066
1241 -0.499894 0 4.83066
1242 -0.499894 0 4.84066
1243 -0.499894 0 4.85066
1244 -0.499894 0 4.86066
1245 -0.499894 0 4.87067
1246 -0.499894 0 4.88067
1247 -0.499894 0 4.89067
1248 -0.499894 0 4.90067
1249 -0.499894 0 4.91067
