1 -8.99 0 2
2 -8.98 0 2
3 -8.97 0 2
4 -8.96 0 2
5 -8.95 0 2
6 -8.94 0 2
7 -8.93 0 2
8 -8.92 0 2
9 -8.91 0 2
10 -8.9 0 2
11 -8.89 0 2
12 -8.88 0 2
13 -8.87 0 2
14 -8.86 0 2
15 -8.85 0 2
16 -8.84 0 2
17 -8.83 0 2
18 -8.82 0 2
19 -8.81 0 2
20 -8.8 0 2
21 -8.79 0 2
22 -8.77999 0 2
23 -8.76999 0 2
24 -8.75999 0 2
25 -8.74999 0 2
26 -8.73999 0 2
27 -8.72999 0 2
28 -8.71999 0 2
29 -8.70999 0 2
30 -8.69999 0 2
31 -8.68999 0 2
32 -8.67999 0 2
33 -8.66999 0 2
34 -8.65999 0 2
35 -8.64999 0 2
36 -8.63999 0 2
37 -8.62999 0 2
38 -8.61999 0 2
39 -8.60999 0 2
40 -8.59999 0 2
41 -8.58999 0 2
42 -8.57999 0 2
43 -8.56999 0 2
44 -8.55999 0 2
45 -8.54999 0 2
46 -8.53999 0 2
47 -8.52999 0 2
48 -8.51999 0 2
49 -8.50999 0 2
50 -8.49999 0 2
51 -8.48999 0 2
52 -8.47999 0 2
53 -8.46999 0 2
54 -8.45999 0 2
55 -8.44999 0 2
56 -8.43999 0 2
57 -8.42999 0 2
58 -8.41999 0 2
59 -8.40999 0 2
60 -8.39999 0 2
61 -8.38999 0 2
62 -8.37999 0 2
63 -8.36999 0 2
64 -8.35999 0 2
65 -8.34999 0 2
66 -8.33998 0 2
67 -8.32998 0 2
68 -8.31998 0 2
69 -8.30998 0 2
70 -8.29998 0 2
71 -8.28998 0 2
72 -8.27998 0 2
73 -8.26998 0 2
74 -8.25998 0 2
75 -8.24998 0 2
76 -8.23998 0 2
77 -8.22998 0 2
78 -8.21998 0 2
79 -8.20998 0 2
80 -8.19998 0 2
81 -8.18998 0 2
82 -8.17998 0 2
83 -8.16998 0 2
84 -8.15998 0 2
85 -8.14998 0 2
86 -8.13998 0 2
87 -8.12998 0 2
88 -8.11998 0 2
89 -8.10998 0 2
90 -8.09998 0 2
91 -8.08998 0 2
92 -8.07998 0 2
93 -8.06998 0 2
94 -8.05998 0 2
95 -8.04998 0 2
96 -8.03998 0 2
97 -8.02998 0 2
98 -8.01998 0 2
99 -8.00998 0 2
100 -7.99998 0 2
101 -7.98998 0 2
102 -7.97998 0 2
103 -7.96998 0 2
104 -7.95998 0 2
105 -7.94998 0 2
106 -7.93998 0 2
107 -7.92998 0 2
108 -7.91998 0 2
109 -7.90998 0 2
110 -7.89997 0 2
111 -7.88997 0 2
112 -7.87997 0 2
113 -7.86997 0 2
114 -7.85997 0 2
115 -7.84997 0 2
116 -7.83997 0 2
117 -7.82997 0 2
118 -7.81997 0 2
119 -7.80997 0 2
120 -7.79997 0 2
121 -7.78997 0 2
122 -7.77997 0 2
123 -7.76997 0 2
124 -7.75997 0 2
125 -7.74997 0 2
126 -7.73997 0 2
127 -7.72997 0 2
128 -7.71997 0 2
129 -7.70997 0 2
130 -7.69997 0 2
131 -7.68997 0 2
132 -7.67997 0 2
133 -7.66997 0 2
134 -7.65997 0 2
135 -7.64997 0 2
136 -7.63997 0 2
137 -7.62997 0 2
138 -7.61997 0 2
139 -7.60997 0 2
140 -7.59997 0 2
141 -7.58997 0 2
142 -7.57997 0 2
143 -7.56997 0 2
144 -7.55997 0 2
145 -7.54997 0 2
146 -7.53997 0 2
147 -7.52997 0 2
148 -7.51997 0 2
149 -7.50997 0 2
150 -7.49997 0 2
151 -7.48997 0 2
152 -7.47997 0 2
153 -7.46996 0 2
154 -7.45996 0 2
155 -7.44996 0 2
156 -7.43996 0 2
157 -7.42996 0 2
158 -7.41996 0 2
159 -7.40996 0 2
160 -7.39996 0 2
161 -7.38996 0 2
162 -7.37996 0 2
163 -7.36996 0 2
164 -7.35996 0 2
165 -7.34996 0 2
166 -7.33996 0 2
167 -7.32996 0 2
168 -7.31996 0 2
169 -7.30996 0 2
170 -7.29996 0 2
171 -7.28996 0 2
172 -7.27996 0 2
173 -7.26996 0 2
174 -7.25996 0 2
175 -7.24996 0 2
176 -7.23996 0 2
177 -7.22996 0 2
178 -7.21996 0 2
179 -7.20996 0 2
180 -7.19996 0 2
181 -7.18996 0 2
182 -7.17996 0 2
183 -7.16996 0 2
184 -7.15996 0 2
185 -7.14996 0 2
186 -7.13996 0 2
187 -7.12996 0 2
188 -7.11996 0 2
189 -7.10996 0 2
190 -7.09996 0 2
191 -7.08996 0 2
192 -7.07996 0 2
193 -7.06996 0 2
194 -7.05996 0 2
195 -7.04996 0 2
196 -7.03996 0 2
197 -7.02995 0 2
198 -7.01995 0 2
199 -7.00995 0 2
200 -6.99995 0 2
201 -6.98995 0 2
202 -6.97995 0 2
203 -6.96995 0 2
204 -6.95995 0 2
205 -6.94995 0 2
206 -6.93995 0 2
207 -6.92995 0 2
208 -6.91995 0 2
209 -6.90995 0 2
210 -6.89995 0 2
211 -6.88995 0 2
212 -6.87995 0 2
213 -6.86995 0 2
214 -6.85995 0 2
215 -6.84995 0 2
216 -6.83995 0 2
217 -6.82995 0 2
218 -6.81995 0 2
219 -6.80995 0 2
220 -6.79995 0 2
221 -6.78995 0 2
222 -6.77995 0 2
223 -6.76995 0 2
224 -6.75995 0 2
225 -6.74995 0 2
226 -6.73995 0 2
227 -6.72995 0 2
228 -6.71995 0 2
229 -6.70995 0 2
230 -6.69995 0 2
231 -6.68995 0 2
232 -6.67995 0 2
233 -6.66995 0 2
234 -6.65995 0 2
235 -6.64995 0 2
236 -6.63995 0 2
237 -6.62995 0 2
238 -6.61995 0 2
239 -6.60995 0 2
240 -6.59995 0 2
241 -6.58994 0 2
242 -6.57994 0 2
243 -6.56994 0 2
244 -6.55994 0 2
245 -6.54994 0 2
246 -6.53994 0 2
247 -6.52994 0 2
248 -6.51994 0 2
249 -6.50994 0 2
250 -6.49994 0 2
251 -6.48994 0 2
252 -6.47994 0 2
253 -6.46994 0 2
254 -6.45994 0 2
255 -6.44994 0 2
256 -6.43994 0 2
257 -6.42994 0 2
258 -6.41994 0 2
259 -6.40994 0 2
260 -6.39994 0 2
261 -6.38994 0 2
262 -6.37994 0 2
263 -6.36994 0 2
264 -6.35994 0 2
265 -6.34994 0 2
266 -6.33994 0 2
267 -6.32994 0 2
268 -6.31994 0 2
269 -6.30994 0 2
270 -6.29994 0 2
271 -6.28994 0 2
272 -6.27994 0 2
273 -6.26994 0 2
274 -6.25994 0 2
275 -6.24994 0 2
276 -6.23994 0 2
277 -6.22994 0 2
278 -6.21994 0 2
279 -6.20994 0 2
280 -6.19994 0 2
281 -6.18994 0 2
282 -6.17994 0 2
283 -6.16994 0 2
284 -6.15993 0 2
285 -6.14993 0 2
286 -6.13993 0 2
287 -6.12993 0 2
288 -6.11993 0 2
289 -6.10993 0 2
290 -6.09993 0 2
291 -6.08993 0 2
292 -6.07993 0 2
293 -6.06993 0 2
294 -6.05993 0 2
295 -6.04993 0 2
296 -6.03993 0 2
297 -6.02993 0 2
298 -6.01993 0 2
299 -6.00993 0 2
300 -5.99993 0 2
301 -5.98993 0 2
302 -5.97993 0 2
303 -5.96993 0 2
304 -5.95993 0 2
305 -5.94993 0 2
306 -5.93993 0 2
307 -5.92993 0 2
308 -5.91993 0 2
309 -5.90993 0 2
310 -5.89993 0 2
311 -5.88993 0 2
312 -5.87993 0 2
313 -5.86993 0 2
314 -5.85993 0 2
315 -5.84993 0 2
316 -5.83993 0 2
317 -5.82993 0 2
318 -5.81993 0 2
319 -5.80993 0 2
320 -5.79993 0 2
321 -5.78993 0 2
322 -5.77993 0 2
323 -5.76993 0 2
324 -5.75993 0 2
325 -5.74993 0 2
326 -5.73993 0 2
327 -5.72993 0 2
328 -5.71992 0 2
329 -5.70992 0 2
330 -5.69992 0 2
331 -5.68992 0 2
332 -5.67992 0 2
333 -5.66992 0 2
334 -5.65992 0 2
335 -5.64992 0 2
336 -5.63992 0 2
337 -5.62992 0 2
338 -5.61992 0 2
339 -5.60992 0 2
340 -5.59992 0 2
341 -5.58992 0 2
342 -5.57992 0 2
343 -5.56992 0 2
344 -5.55992 0 2
345 -5.54992 0 2
346 -5.53992 0 2
347 -5.52992 0 2
348 -5.51992 0 2
349 -5.50992 0 2
350 -5.49992 0 2
351 -5.48992 0 2
352 -5.47992 0 2
353 -5.46992 0 2
354 -5.45992 0 2
355 -5.44992 0 2
356 -5.43992 0 2
357 -5.42992 0 2
358 -5.41992 0 2
359 -5.40992 0 2
360 -5.39992 0 2
361 -5.38992 0 2
362 -5.37992 0 2
363 -5.36992 0 2
364 -5.35992 0 2
365 -5.34992 0 2
366 -5.33992 0 2
367 -5.32992 0 2
368 -5.31992 0 2
369 -5.30992 0 2
370 -5.29992 0 2
371 -5.28992 0 2
372 -5.27991 0 2
373 -5.26991 0 2
374 -5.25991 0 2
375 -5.24991 0 2
376 -5.23991 0 2
377 -5.22991 0 2
378 -5.21991 0 2
379 -5.20991 0 2
380 -5.19991 0 2
381 -5.18991 0 2
382 -5.17991 0 2
383 -5.16991 0 2
384 -5.15991 0 2
385 -5.14991 0 2
386 -5.13991 0 2
387 -5.12991 0 2
388 -5.11991 0 2
389 -5.10991 0 2
390 -5.09991 0 2
391 -5.08991 0 2
392 -5.07991 0 2
393 -5.06991 0 2
394 -5.05991 0 2
395 -5.04991 0 2
396 -5.03991 0 2
397 -5.02991 0 2
398 -5.01991 0 2
399 -5.00991 0 2
400 -4.99991 0 2
401 -4.98991 0 2
402 -4.97991 0 2
403 -4.96991 0 2
404 -4.95991 0 2
405 -4.94991 0 2
406 -4.93991 0 2
407 -4.92991 0 2
408 -4.91991 0 2
409 -4.90991 0 2
410 -4.89991 0 2
411 -4.88991 0 2
412 -4.87991 0 2
413 -4.86991 0 2
414 -4.85991 0 2
415 -4.84991 0 2
416 -4.8399 0 2
417 -4.8299 0 2
418 -4.8199 0 2
419 -4.8099 0 2
420 -4.7999 0 2
421 -4.7899 0 2
422 -4.7799 0 2
423 -4.7699 0 2
424 -4.7599 0 2
425 -4.7499 0 2
426 -4.7399 0 2
427 -4.7299 0 2
428 -4.7199 0 2
429 -4.7099 0 2
430 -4.6999 0 2
431 -4.6899 0 2
432 -4.6799 0 2
433 -4.6699 0 2
434 -4.6599 0 2
435 -4.6499 0 2
436 -4.6399 0 2
437 -4.6299 0 2
438 -4.6199 0 2
439 -4.6099 0 2
440 -4.5999 0 2
441 -4.5899 0 2
442 -4.5799 0 2
443 -4.5699 0 2
444 -4.5599 0 2
445 -4.5499 0 2
446 -4.5399 0 2
447 -4.5299 0 2
448 -4.5199 0 2
449 -4.5099 0 2
450 -4.4999 0 2
451 -4.4899 0 2
452 -4.4799 0 2
453 -4.4699 0 2
454 -4.4599 0 2
455 -4.4499 0 2
456 -4.4399 0 2
457 -4.4299 0 2
458 -4.4199 0 2
459 -4.40989 0 2
460 -4.39989 0 2
461 -4.38989 0 2
462 -4.37989 0 2
463 -4.36989 0 2
464 -4.35989 0 2
465 -4.34989 0 2
466 -4.33989 0 2
467 -4.32989 0 2
468 -4.31989 0 2
469 -4.30989 0 2
470 -4.29989 0 2
471 -4.28989 0 2
472 -4.27989 0 2
473 -4.26989 0 2
474 -4.25989 0 2
475 -4.24989 0 2
476 -4.23989 0 2
477 -4.22989 0 2
478 -4.21989 0 2
479 -4.20989 0 2
480 -4.19989 0 2
481 -4.18989 0 2
482 -4.17989 0 2
483 -4.16989 0 2
484 -4.15989 0 2
485 -4.14989 0 2
486 -4.13989 0 2
487 -4.12989 0 2
488 -4.11989 0 2
489 -4.10989 0 2
490 -4.09989 0 2
491 -4.08989 0 2
492 -4.07989 0 2
493 -4.06989 0 2
494 -4.05989 0 2
495 -4.04989 0 2
496 -4.03989 0 2
497 -4.02989 0 2
498 -4.01989 0 2
499 -4.00989 0 2
500 -3.99989 0 2
501 -3.98989 0 1.99667
502 -3.97989 0 1.99333
503 -3.96989 0 1.99
504 -3.95989 0 1.98667
505 -3.94989 0 1.98333
506 -3.93989 0 1.98
507 -3.92989 0 1.97667
508 -3.91989 0 1.97333
509 -3.90989 0 1.97
510 -3.89989 0 1.96667
511 -3.88989 0 1.96333
512 -3.87989 0 1.96
513 -3.86989 0 1.95667
514 -3.85989 0 1.95333
515 -3.84989 0 1.95
516 -3.83989 0 1.94667
517 -3.82989 0 1.94333
518 -3.81989 0 1.94
519 -3.80989 0 1.93667
520 -3.79989 0 1.93333
521 -3.78989 0 1.93
522 -3.77989 0 1.92667
523 -3.76989 0 1.92333
524 -3.75989 0 1.92
525 -3.74989 0 1.91667
526 -3.73989 0 1.91333
527 -3.72989 0 1.91
528 -3.71989 0 1.90667
529 -3.70989 0 1.90333
530 -3.69989 0 1.9
531 -3.68989 0 1.89667
532 -3.67989 0 1.89333
533 -3.66989 0 1.89
534 -3.65989 0 1.88667
535 -3.64989 0 1.88333
536 -3.63989 0 1.88
537 -3.62989 0 1.87667
538 -3.61989 0 1.87333
539 -3.60989 0 1.87
540 -3.59989 0 1.86667
541 -3.58989 0 1.86333
542 -3.57989 0 1.86
543 -3.56989 0 1.85667
544 -3.55989 0 1.85333
545 -3.54989 0 1.85
546 -3.53989 0 1.84667
547 -3.52989 0 1.84333
548 -3.51989 0 1.84
549 -3.50989 0 1.83667
550 -3.49989 0 1.83333
551 -3.48989 0 1.83
552 -3.47989 0 1.82667
553 -3.46989 0 1.82333
554 -3.45989 0 1.82
555 -3.44989 0 1.81667
556 -3.43989 0 1.81333
557 -3.42989 0 1.81
558 -3.41989 0 1.80667
559 -3.40989 0 1.80333
560 -3.39989 0 1.8
561 -3.38989 0 1.79667
562 -3.37989 0 1.79333
563 -3.36989 0 1.79
564 -3.35989 0 1.78667
565 -3.34989 0 1.78333
566 -3.33989 0 1.78
567 -3.32989 0 1.77667
568 -3.31989 0 1.77333
569 -3.30989 0 1.77
570 -3.29989 0 1.76667
571 -3.28989 0 1.76333
572 -3.27989 0 1.76
573 -3.26989 0 1.75667
574 -3.25989 0 1.75333
575 -3.24989 0 1.75
576 -3.23989 0 1.74667
577 -3.22989 0 1.74333
578 -3.21989 0 1.74
579 -3.20989 0 1.73667
580 -3.19989 0 1.73333
581 -3.18989 0 1.73
582 -3.17989 0 1.72667
583 -3.16989 0 1.72333
584 -3.15989 0 1.72
585 -3.14989 0 1.71667
586 -3.13989 0 1.71333
587 -3.12989 0 1.71
588 -3.11989 0 1.70667
589 -3.10989 0 1.70333
590 -3.09989 0 1.7
591 -3.08989 0 1.69667
592 -3.07989 0 1.69333
593 -3.06989 0 1.69
594 -3.05989 0 1.68667
595 -3.04989 0 1.68333
596 -3.03989 0 1.68
597 -3.02989 0 1.67667
598 -3.01989 0 1.67333
599 -3.00989 0 1.67
600 -2.99989 0 1.66667
601 -2.98989 0 1.66333
602 -2.97989 0 1.66
603 -2.96989 0 1.65667
604 -2.95989 0 1.65333
605 -2.94989 0 1.65
606 -2.93989 0 1.64667
607 -2.92989 0 1.64333
608 -2.91989 0 1.64
609 -2.90989 0 1.63667
610 -2.89989 0 1.63333
611 -2.88989 0 1.63
612 -2.87989 0 1.62667
613 -2.86989 0 1.62333
614 -2.85989 0 1.62
615 -2.84989 0 1.61667
616 -2.83989 0 1.61333
617 -2.82989 0 1.61
618 -2.81989 0 1.60667
619 -2.80989 0 1.60333
620 -2.79989 0 1.6
621 -2.78989 0 1.59667
622 -2.77989 0 1.59333
623 -2.76989 0 1.59
624 -2.75989 0 1.58667
625 -2.74989 0 1.58333
626 -2.73989 0 1.58
627 -2.72989 0 1.57667
628 -2.71989 0 1.57333
629 -2.70989 0 1.57
630 -2.69989 0 1.56667
631 -2.68989 0 1.56333
632 -2.67989 0 1.56
633 -2.66989 0 1.55667
634 -2.65989 0 1.55333
635 -2.64989 0 1.55
636 -2.63989 0 1.54667
637 -2.62989 0 1.54333
638 -2.61989 0 1.54
639 -2.60989 0 1.53667
640 -2.59989 0 1.53333
641 -2.58989 0 1.53
642 -2.57989 0 1.52667
643 -2.56989 0 1.52333
644 -2.55989 0 1.52
645 -2.54989 0 1.51667
646 -2.53989 0 1.51333
647 -2.52989 0 1.51
648 -2.51989 0 1.50667
649 -2.50989 0 1.50333
650 -2.49989 0 1.5
651 -2.48989 0 1.5
652 -2.47989 0 1.5
653 -2.46989 0 1.5
654 -2.45989 0 1.5
655 -2.44989 0 1.5
656 -2.43989 0 1.5
657 -2.42989 0 1.5
658 -2.41989 0 1.5
659 -2.40989 0 1.5
660 -2.39989 0 1.5
661 -2.38989 0 1.5
662 -2.37989 0 1.5
663 -2.36989 0 1.5
664 -2.35989 0 1.5
665 -2.34989 0 1.5
666 -2.33989 0 1.5
667 -2.32989 0 1.5
668 -2.31989 0 1.5
669 -2.30989 0 1.5
670 -2.29989 0 1.5
671 -2.28989 0 1.5
672 -2.27989 0 1.5
673 -2.26989 0 1.5
674 -2.25989 0 1.5
675 -2.24989 0 1.5
676 -2.23989 0 1.5
677 -2.22989 0 1.5
678 -2.21989 0 1.5
679 -2.20989 0 1.5
680 -2.19989 0 1.5
681 -2.18989 0 1.5
682 -2.17989 0 1.5
683 -2.16989 0 1.5
684 -2.15989 0 1.5
685 -2.14989 0 1.5
686 -2.13989 0 1.5
687 -2.12989 0 1.5
688 -2.11989 0 1.5
689 -2.10989 0 1.5
690 -2.09989 0 1.5
691 -2.08989 0 1.5
692 -2.07989 0 1.5
693 -2.06989 0 1.5
694 -2.05989 0 1.5
695 -2.04989 0 1.5
696 -2.03989 0 1.5
697 -2.02989 0 1.5
698 -2.01989 0 1.5
699 -2.00989 0 1.5
700 -1.99989 0 1.5
701 -1.98989 0 1.5
702 -1.97989 0 1.5
703 -1.96989 0 1.5
704 -1.95989 0 1.5
705 -1.94989 0 1.5
706 -1.93989 0 1.5
707 -1.92989 0 1.5
708 -1.91989 0 1.5
709 -1.90989 0 1.5
710 -1.89989 0 1.5
711 -1.88989 0 1.5
712 -1.87989 0 1.5
713 -1.86989 0 1.5
714 -1.85989 0 1.5
715 -1.84989 0 1.5
716 -1.83989 0 1.5
717 -1.82989 0 1.5
718 -1.81989 0 1.5
719 -1.80989 0 1.5
720 -1.79989 0 1.5
721 -1.78989 0 1.5
722 -1.77989 0 1.5
723 -1.76989 0 1.5
724 -1.75989 0 1.5
725 -1.74989 0 1.5
726 -1.73989 0 1.5
727 -1.72989 0 1.5
728 -1.71989 0 1.5
729 -1.70989 0 1.5
730 -1.69989 0 1.5
731 -1.68989 0 1.5
732 -1.67989 0 1.5
733 -1.66989 0 1.5
734 -1.65989 0 1.5
735 -1.64989 0 1.5
736 -1.63989 0 1.5
737 -1.62989 0 1.5
738 -1.61989 0 1.5
739 -1.60989 0 1.5
740 -1.59989 0 1.5
741 -1.58989 0 1.5
742 -1.57989 0 1.5
743 -1.56989 0 1.5
744 -1.55989 0 1.5
745 -1.54989 0 1.5
746 -1.53989 0 1.5
747 -1.52989 0 1.5
748 -1.51989 0 1.5
749 -1.50989 0 1.5
750 -1.49989 0 1.5
751 -1.48989 0 1.5
752 -1.47989 0 1.5
753 -1.46989 0 1.5
754 -1.45989 0 1.5
755 -1.44989 0 1.5
756 -1.43989 0 1.5
757 -1.42989 0 1.5
758 -1.41989 0 1.5
759 -1.40989 0 1.5
760 -1.39989 0 1.5
761 -1.38989 0 1.5
762 -1.37989 0 1.5
763 -1.36989 0 1.5
764 -1.35989 0 1.5
765 -1.34989 0 1.5
766 -1.33989 0 1.5
767 -1.32989 0 1.5
768 -1.31989 0 1.5
769 -1.30989 0 1.5
770 -1.29989 0 1.5
771 -1.28989 0 1.5
772 -1.27989 0 1.5
773 -1.26989 0 1.5
774 -1.25989 0 1.5
775 -1.24989 0 1.5
776 -1.23989 0 1.5
777 -1.22989 0 1.5
778 -1.21989 0 1.5
779 -1.20989 0 1.5
780 -1.19989 0 1.5
781 -1.18989 0 1.5
782 -1.17989 0 1.5
783 -1.16989 0 1.5
784 -1.15989 0 1.5
785 -1.14989 0 1.5
786 -1.13989 0 1.5
787 -1.12989 0 1.5
788 -1.11989 0 1.5
789 -1.10989 0 1.5
790 -1.09989 0 1.5
791 -1.08989 0 1.5
792 -1.07989 0 1.5
793 -1.06989 0 1.5
794 -1.05989 0 1.5
795 -1.04989 0 1.5
796 -1.03989 0 1.5
797 -1.02989 0 1.5
798 -1.01989 0 1.5
799 -1.00989 0 1.5
800 -0.999889 0 1.5
