1 -8.99 0 2
2 -8.98 0 2
3 -8.97 0 2
4 -8.96 0 2
5 -8.95 0 2
6 -8.94 0 2
7 -8.93 0 2
8 -8.92 0 2
9 -8.91 0 2
10 -8.9 0 2
11 -8.89 0 2
12 -8.88 0 2
13 -8.87 0 2
14 -8.86 0 2
15 -8.85 0 2
16 -8.84 0 2
17 -8.83 0 2
18 -8.82 0 2
19 -8.81 0 2
20 -8.8 0 2
21 -8.79 0 2
22 -8.77999 0 2
23 -8.76999 0 2
24 -8.75999 0 2
25 -8.74999 0 2
26 -8.73999 0 2
27 -8.72999 0 2
28 -8.71999 0 2
29 -8.70999 0 2
30 -8.69999 0 2
31 -8.68999 0 2
32 -8.67999 0 2
33 -8.66999 0 2
34 -8.65999 0 2
35 -8.64999 0 2
36 -8.63999 0 2
37 -8.62999 0 2
38 -8.61999 0 2
39 -8.60999 0 2
40 -8.59999 0 2
41 -8.58999 0 2
42 -8.57999 0 2
43 -8.56999 0 2
44 -8.55999 0 2
45 -8.54999 0 2
46 -8.53999 0 2
47 -8.52999 0 2
48 -8.51999 0 2
49 -8.50999 0 2
50 -8.49999 0 2
51 -8.48999 0 2
52 -8.47999 0 2
53 -8.46999 0 2
54 -8.45999 0 2
55 -8.44999 0 2
56 -8.43999 0 2
57 -8.42999 0 2
58 -8.41999 0 2
59 -8.40999 0 2
60 -8.39999 0 2
61 -8.38999 0 2
62 -8.37999 0 2
63 -8.36999 0 2
64 -8.35999 0 2
65 -8.34999 0 2
66 -8.33998 0 2
67 -8.32998 0 2
68 -8.31998 0 2
69 -8.30998 0 2
70 -8.29998 0 2
71 -8.28998 0 2
72 -8.27998 0 2
73 -8.26998 0 2
74 -8.25998 0 2
75 -8.24998 0 2
76 -8.23998 0 2
77 -8.22998 0 2
78 -8.21998 0 2
79 -8.20998 0 2
80 -8.19998 0 2
81 -8.18998 0 2
82 -8.17998 0 2
83 -8.16998 0 2
84 -8.15998 0 2
85 -8.14998 0 2
86 -8.13998 0 2
87 -8.12998 0 2
88 -8.11998 0 2
89 -8.10998 0 2
90 -8.09998 0 2
91 -8.08998 0 2
92 -8.07998 0 2
93 -8.06998 0 2
94 -8.05998 0 2
95 -8.04998 0 2
96 -8.03998 0 2
97 -8.02998 0 2
98 -8.01998 0 2
99 -8.00998 0 2
100 -7.99998 0 2
101 -7.98998 0 2
102 -7.97998 0 2
103 -7.96998 0 2
104 -7.95998 0 2
105 -7.94998 0 2
106 -7.93998 0 2
107 -7.92998 0 2
108 -7.91998 0 2
109 -7.90998 0 2
110 -7.89997 0 2
111 -7.88997 0 2
112 -7.87997 0 2
113 -7.86997 0 2
114 -7.85997 0 2
115 -7.84997 0 2
116 -7.83997 0 2
117 -7.82997 0 2
118 -7.81997 0 2
119 -7.80997 0 2
120 -7.79997 0 2
121 -7.78997 0 2
122 -7.77997 0 2
123 -7.76997 0 2
124 -7.75997 0 2
125 -7.74997 0 2
126 -7.73997 0 2
127 -7.72997 0 2
128 -7.71997 0 2
129 -7.70997 0 2
130 -7.69997 0 2
131 -7.68997 0 2
132 -7.67997 0 2
133 -7.66997 0 2
134 -7.65997 0 2
135 -7.64997 0 2
136 -7.63997 0 2
137 -7.62997 0 2
138 -7.61997 0 2
139 -7.60997 0 2
140 -7.59997 0 2
141 -7.58997 0 2
142 -7.57997 0 2
143 -7.56997 0 2
144 -7.55997 0 2
145 -7.54997 0 2
146 -7.53997 0 2
147 -7.52997 0 2
148 -7.51997 0 2
149 -7.50997 0 2
150 -7.49997 0 2
151 -7.48997 0 2
152 -7.47997 0 2
153 -7.46996 0 2
154 -7.45996 0 2
155 -7.44996 0 2
156 -7.43996 0 2
157 -7.42996 0 2
158 -7.41996 0 2
159 -7.40996 0 2
160 -7.39996 0 2
161 -7.38996 0 2
162 -7.37996 0 2
163 -7.36996 0 2
164 -7.35996 0 2
165 -7.34996 0 2
166 -7.33996 0 2
167 -7.32996 0 2
168 -7.31996 0 2
169 -7.30996 0 2
170 -7.29996 0 2
171 -7.28996 0 2
172 -7.27996 0 2
173 -7.26996 0 2
174 -7.25996 0 2
175 -7.24996 0 2
176 -7.23996 0 2
177 -7.22996 0 2
178 -7.21996 0 2
179 -7.20996 0 2
180 -7.19996 0 2
181 -7.18996 0 2
182 -7.17996 0 2
183 -7.16996 0 2
184 -7.15996 0 2
185 -7.14996 0 2
186 -7.13996 0 2
187 -7.12996 0 2
188 -7.11996 0 2
189 -7.10996 0 2
190 -7.09996 0 2
191 -7.08996 0 2
192 -7.07996 0 2
193 -7.06996 0 2
194 -7.05996 0 2
195 -7.04996 0 2
196 -7.03996 0 2
197 -7.02995 0 2
198 -7.01995 0 2
199 -7.00995 0 2
200 -6.99995 0 2
201 -6.98995 0 2
202 -6.97995 0 2
203 -6.96995 0 2
204 -6.95995 0 2
205 -6.94995 0 2
206 -6.93995 0 2
207 -6.92995 0 2
208 -6.91995 0 2
209 -6.90995 0 2
210 -6.89995 0 2
211 -6.88995 0 2
212 -6.87995 0 2
213 -6.86995 0 2
214 -6.85995 0 2
215 -6.84995 0 2
216 -6.83995 0 2
217 -6.82995 0 2
218 -6.81995 0 2
219 -6.80995 0 2
220 -6.79995 0 2
221 -6.78995 0 2
222 -6.77995 0 2
223 -6.76995 0 2
224 -6.75995 0 2
225 -6.74995 0 2
226 -6.73995 0 2
227 -6.72995 0 2
228 -6.71995 0 2
229 -6.70995 0 2
230 -6.69995 0 2
231 -6.68995 0 2
232 -6.67995 0 2
233 -6.66995 0 2
234 -6.65995 0 2
235 -6.64995 0 2
236 -6.63995 0 2
237 -6.62995 0 2
238 -6.61995 0 2
239 -6.60995 0 2
240 -6.59995 0 2
241 -6.58994 0 2
242 -6.57994 0 2
243 -6.56994 0 2
244 -6.55994 0 2
245 -6.54994 0 2
246 -6.53994 0 2
247 -6.52994 0 2
248 -6.51994 0 2
249 -6.50994 0 2
250 -6.49994 0 2
251 -6.48994 0 2
252 -6.47994 0 2
253 -6.46994 0 2
254 -6.45994 0 2
255 -6.44994 0 2
256 -6.43994 0 2
257 -6.42994 0 2
258 -6.41994 0 2
259 -6.40994 0 2
260 -6.39994 0 2
261 -6.38994 0 2
262 -6.37994 0 2
263 -6.36994 0 2
264 -6.35994 0 2
265 -6.34994 0 2
266 -6.33994 0 2
267 -6.32994 0 2
268 -6.31994 0 2
269 -6.30994 0 2
270 -6.29994 0 2
271 -6.28994 0 2
272 -6.27994 0 2
273 -6.26994 0 2
274 -6.25994 0 2
275 -6.24994 0 2
276 -6.23994 0 2
277 -6.22994 0 2
278 -6.21994 0 2
279 -6.20994 0 2
280 -6.19994 0 2
281 -6.18994 0 2
282 -6.17994 0 2
283 -6.16994 0 2
284 -6.15993 0 2
285 -6.14993 0 2
286 -6.13993 0 2
287 -6.12993 0 2
288 -6.11993 0 2
289 -6.10993 0 2
290 -6.09993 0 2
291 -6.08993 0 2
292 -6.07993 0 2
293 -6.06993 0 2
294 -6.05993 0 2
295 -6.04993 0 2
296 -6.03993 0 2
297 -6.02993 0 2
298 -6.01993 0 2
299 -6.00993 0 2
300 -5.99993 0 2
301 -5.98993 0 2
302 -5.97993 0 2
303 -5.96993 0 2
304 -5.95993 0 2
305 -5.94993 0 2
306 -5.93993 0 2
307 -5.92993 0 2
308 -5.91993 0 2
309 -5.90993 0 2
310 -5.89993 0 2
311 -5.88993 0 2
312 -5.87993 0 2
313 -5.86993 0 2
314 -5.85993 0 2
315 -5.84993 0 2
316 -5.83993 0 2
317 -5.82993 0 2
318 -5.81993 0 2
319 -5.80993 0 2
320 -5.79993 0 2
321 -5.78993 0 2
322 -5.77993 0 2
323 -5.76993 0 2
324 -5.75993 0 2
325 -5.74993 0 2
326 -5.73993 0 2
327 -5.72993 0 2
328 -5.71992 0 2
329 -5.70992 0 2
330 -5.69992 0 2
331 -5.68992 0 2
332 -5.67992 0 2
333 -5.66992 0 2
334 -5.65992 0 2
335 -5.64992 0 2
336 -5.63992 0 2
337 -5.62992 0 2
338 -5.61992 0 2
339 -5.60992 0 2
340 -5.59992 0 2
341 -5.58992 0 2
342 -5.57992 0 2
343 -5.56992 0 2
344 -5.55992 0 2
345 -5.54992 0 2
346 -5.53992 0 2
347 -5.52992 0 2
348 -5.51992 0 2
349 -5.50992 0 2
350 -5.49992 0 2
351 -5.48992 0 2
352 -5.47992 0 2
353 -5.46992 0 2
354 -5.45992 0 2
355 -5.44992 0 2
356 -5.43992 0 2
357 -5.42992 0 2
358 -5.41992 0 2
359 -5.40992 0 2
360 -5.39992 0 2
361 -5.38992 0 2
362 -5.37992 0 2
363 -5.36992 0 2
364 -5.35992 0 2
365 -5.34992 0 2
366 -5.33992 0 2
367 -5.32992 0 2
368 -5.31992 0 2
369 -5.30992 0 2
370 -5.29992 0 2
371 -5.28992 0 2
372 -5.27991 0 2
373 -5.26991 0 2
374 -5.25991 0 2
375 -5.24991 0 2
376 -5.23991 0 2
377 -5.22991 0 2
378 -5.21991 0 2
379 -5.20991 0 2
380 -5.19991 0 2
381 -5.18991 0 2
382 -5.17991 0 2
383 -5.16991 0 2
384 -5.15991 0 2
385 -5.14991 0 2
386 -5.13991 0 2
387 -5.12991 0 2
388 -5.11991 0 2
389 -5.10991 0 2
390 -5.09991 0 2
391 -5.08991 0 2
392 -5.07991 0 2
393 -5.06991 0 2
394 -5.05991 0 2
395 -5.04991 0 2
396 -5.03991 0 2
397 -5.02991 0 2
398 -5.01991 0 2
399 -5.00991 0 2
400 -4.99991 0 2
401 -4.98991 0 2
402 -4.97991 0 2
403 -4.96991 0 2
404 -4.95991 0 2
405 -4.94991 0 2
406 -4.93991 0 2
407 -4.92991 0 2
408 -4.91991 0 2
409 -4.90991 0 2
410 -4.89991 0 2
411 -4.88991 0 2
412 -4.87991 0 2
413 -4.86991 0 2
414 -4.85991 0 2
415 -4.84991 0 2
416 -4.8399 0 2
417 -4.8299 0 2
418 -4.8199 0 2
419 -4.8099 0 2
420 -4.7999 0 2
421 -4.7899 0 2
422 -4.7799 0 2
423 -4.7699 0 2
424 -4.7599 0 2
425 -4.7499 0 2
426 -4.7399 0 2
427 -4.7299 0 2
428 -4.7199 0 2
429 -4.7099 0 2
430 -4.6999 0 2
431 -4.6899 0 2
432 -4.6799 0 2
433 -4.6699 0 2
434 -4.6599 0 2
435 -4.6499 0 2
436 -4.6399 0 2
437 -4.6299 0 2
438 -4.6199 0 2
439 -4.6099 0 2
440 -4.5999 0 2
441 -4.5899 0 2
442 -4.5799 0 2
443 -4.5699 0 2
444 -4.5599 0 2
445 -4.5499 0 2
446 -4.5399 0 2
447 -4.5299 0 2
448 -4.5199 0 2
449 -4.5099 0 2
450 -4.4999 0 2
451 -4.4899 0 2
452 -4.4799 0 2
453 -4.4699 0 2
454 -4.4599 0 2
455 -4.4499 0 2
456 -4.4399 0 2
457 -4.4299 0 2
458 -4.4199 0 2
459 -4.40989 0 2
460 -4.39989 0 2
461 -4.38989 0 2
462 -4.37989 0 2
463 -4.36989 0 2
464 -4.35989 0 2
465 -4.34989 0 2
466 -4.33989 0 2
467 -4.32989 0 2
468 -4.31989 0 2
469 -4.30989 0 2
470 -4.29989 0 2
471 -4.28989 0 2
472 -4.27989 0 2
473 -4.26989 0 2
474 -4.25989 0 2
475 -4.24989 0 2
476 -4.23989 0 2
477 -4.22989 0 2
478 -4.21989 0 2
479 -4.20989 0 2
480 -4.19989 0 2
481 -4.18989 0 2
482 -4.17989 0 2
483 -4.16989 0 2
484 -4.15989 0 2
485 -4.14989 0 2
486 -4.13989 0 2
487 -4.12989 0 2
488 -4.11989 0 2
489 -4.10989 0 2
490 -4.09989 0 2
491 -4.08989 0 2
492 -4.07989 0 2
493 -4.06989 0 2
494 -4.05989 0 2
495 -4.04989 0 2
496 -4.03989 0 2
497 -4.02989 0 2
498 -4.01989 0 2
499 -4.00989 0 2
500 -3.99989 0 2
501 -3.98989 0 1.9975
502 -3.97989 0 1.995
503 -3.96989 0 1.9925
504 -3.95989 0 1.99
505 -3.94989 0 1.9875
506 -3.93989 0 1.985
507 -3.92989 0 1.9825
508 -3.91989 0 1.98
509 -3.90989 0 1.9775
510 -3.89989 0 1.975
511 -3.88989 0 1.9725
512 -3.87989 0 1.97
513 -3.86989 0 1.9675
514 -3.85989 0 1.965
515 -3.84989 0 1.9625
516 -3.83989 0 1.96
517 -3.82989 0 1.9575
518 -3.81989 0 1.955
519 -3.80989 0 1.9525
520 -3.79989 0 1.95
521 -3.78989 0 1.9475
522 -3.77989 0 1.945
523 -3.76989 0 1.9425
524 -3.75989 0 1.94
525 -3.74989 0 1.9375
526 -3.73989 0 1.935
527 -3.72989 0 1.9325
528 -3.71989 0 1.93
529 -3.70989 0 1.9275
530 -3.69989 0 1.925
531 -3.68989 0 1.9225
532 -3.67989 0 1.92
533 -3.66989 0 1.9175
534 -3.65989 0 1.915
535 -3.64989 0 1.9125
536 -3.63989 0 1.91
537 -3.62989 0 1.9075
538 -3.61989 0 1.905
539 -3.60989 0 1.9025
540 -3.59989 0 1.9
541 -3.58989 0 1.8975
542 -3.57989 0 1.895
543 -3.56989 0 1.8925
544 -3.55989 0 1.89
545 -3.54989 0 1.8875
546 -3.53989 0 1.885
547 -3.52989 0 1.8825
548 -3.51989 0 1.88
549 -3.50989 0 1.8775
550 -3.49989 0 1.875
551 -3.48989 0 1.8725
552 -3.47989 0 1.87
553 -3.46989 0 1.8675
554 -3.45989 0 1.865
555 -3.44989 0 1.8625
556 -3.43989 0 1.86
557 -3.42989 0 1.8575
558 -3.41989 0 1.855
559 -3.40989 0 1.8525
560 -3.39989 0 1.85
561 -3.38989 0 1.8475
562 -3.37989 0 1.845
563 -3.36989 0 1.8425
564 -3.35989 0 1.84
565 -3.34989 0 1.8375
566 -3.33989 0 1.835
567 -3.32989 0 1.8325
568 -3.31989 0 1.83
569 -3.30989 0 1.8275
570 -3.29989 0 1.825
571 -3.28989 0 1.8225
572 -3.27989 0 1.82
573 -3.26989 0 1.8175
574 -3.25989 0 1.815
575 -3.24989 0 1.8125
576 -3.23989 0 1.81
577 -3.22989 0 1.8075
578 -3.21989 0 1.805
579 -3.20989 0 1.8025
580 -3.19989 0 1.8
581 -3.18989 0 1.7975
582 -3.17989 0 1.795
583 -3.16989 0 1.7925
584 -3.15989 0 1.79
585 -3.14989 0 1.7875
586 -3.13989 0 1.785
587 -3.12989 0 1.7825
588 -3.11989 0 1.77999
589 -3.10989 0 1.77749
590 -3.09989 0 1.77499
591 -3.08989 0 1.77249
592 -3.07989 0 1.76999
593 -3.06989 0 1.76749
594 -3.05989 0 1.76499
595 -3.04989 0 1.76249
596 -3.03989 0 1.75999
597 -3.02989 0 1.75749
598 -3.01989 0 1.75499
599 -3.00989 0 1.75249
600 -2.99989 0 1.74999
601 -2.98989 0 1.74749
602 -2.97989 0 1.74499
603 -2.96989 0 1.74249
604 -2.95989 0 1.73999
605 -2.94989 0 1.73749
606 -2.93989 0 1.73499
607 -2.92989 0 1.73249
608 -2.91989 0 1.72999
609 -2.90989 0 1.72749
610 -2.89989 0 1.72499
611 -2.88989 0 1.72249
612 -2.87989 0 1.71999
613 -2.86989 0 1.71749
614 -2.85989 0 1.71499
615 -2.84989 0 1.71249
616 -2.83989 0 1.70999
617 -2.82989 0 1.70749
618 -2.81989 0 1.70499
619 -2.80989 0 1.70249
620 -2.79989 0 1.69999
621 -2.78989 0 1.69749
622 -2.77989 0 1.69499
623 -2.76989 0 1.69249
624 -2.75989 0 1.68999
625 -2.74989 0 1.68749
626 -2.73989 0 1.68499
627 -2.72989 0 1.68249
628 -2.71989 0 1.67999
629 -2.70989 0 1.67749
630 -2.69989 0 1.67499
631 -2.68989 0 1.67249
632 -2.67989 0 1.66999
633 -2.66989 0 1.66749
634 -2.65989 0 1.66499
635 -2.64989 0 1.66249
636 -2.63989 0 1.65999
637 -2.62989 0 1.65749
638 -2.61989 0 1.65499
639 -2.60989 0 1.65249
640 -2.59989 0 1.64999
641 -2.58989 0 1.64749
642 -2.57989 0 1.64499
643 -2.56989 0 1.64249
644 -2.55989 0 1.63999
645 -2.54989 0 1.63749
646 -2.53989 0 1.63499
647 -2.52989 0 1.63249
648 -2.51989 0 1.62999
649 -2.50989 0 1.62749
650 -2.49989 0 1.62499
651 -2.48989 0 1.62249
652 -2.47989 0 1.61999
653 -2.46989 0 1.61749
654 -2.45989 0 1.61499
655 -2.44989 0 1.61249
656 -2.43989 0 1.60999
657 -2.42989 0 1.60749
658 -2.41989 0 1.60499
659 -2.40989 0 1.60249
660 -2.39989 0 1.59999
661 -2.38989 0 1.59749
662 -2.37989 0 1.59499
663 -2.36989 0 1.59249
664 -2.35989 0 1.58999
665 -2.34989 0 1.58749
666 -2.33989 0 1.58499
667 -2.32989 0 1.58249
668 -2.31989 0 1.57999
669 -2.30989 0 1.57749
670 -2.29989 0 1.57499
671 -2.28989 0 1.57249
672 -2.27989 0 1.56999
673 -2.26989 0 1.56749
674 -2.25989 0 1.56499
675 -2.24989 0 1.56249
676 -2.23989 0 1.55999
677 -2.22989 0 1.55749
678 -2.21989 0 1.55499
679 -2.20989 0 1.55249
680 -2.19989 0 1.54999
681 -2.18989 0 1.54749
682 -2.17989 0 1.54499
683 -2.16989 0 1.54249
684 -2.15989 0 1.53999
685 -2.14989 0 1.53749
686 -2.13989 0 1.53499
687 -2.12989 0 1.53249
688 -2.11989 0 1.52999
689 -2.10989 0 1.52749
690 -2.09989 0 1.52499
691 -2.08989 0 1.52249
692 -2.07989 0 1.51999
693 -2.06989 0 1.51749
694 -2.05989 0 1.51499
695 -2.04989 0 1.51249
696 -2.03989 0 1.50999
697 -2.02989 0 1.50749
698 -2.01989 0 1.50499
699 -2.00989 0 1.50249
700 -1.99989 0 1.49999
701 -1.99489 0 1.50001
702 -1.98989 0 1.50005
703 -1.98489 0 1.50011
704 -1.97989 0 1.5002
705 -1.97489 0 1.50031
706 -1.96989 0 1.50045
707 -1.96489 0 1.50061
708 -1.95989 0 1.5008
709 -1.95489 0 1.50101
710 -1.94989 0 1.50125
711 -1.94489 0 1.50151
712 -1.93989 0 1.5018
713 -1.93489 0 1.50211
714 -1.92989 0 1.50245
715 -1.92489 0 1.50282
716 -1.91989 0 1.50321
717 -1.91489 0 1.50362
718 -1.90989 0 1.50406
719 -1.90489 0 1.50452
720 -1.89989 0 1.50501
721 -1.89489 0 1.50553
722 -1.88989 0 1.50607
723 -1.88489 0 1.50663
724 -1.87989 0 1.50723
725 -1.87489 0 1.50784
726 -1.86989 0 1.50849
727 -1.86489 0 1.50915
728 -1.85989 0 1.50985
729 -1.85489 0 1.51057
730 -1.84989 0 1.51131
731 -1.84489 0 1.51209
732 -1.83989 0 1.51288
733 -1.83489 0 1.51371
734 -1.82989 0 1.51456
735 -1.82489 0 1.51543
736 -1.81989 0 1.51633
737 -1.81489 0 1.51726
738 -1.80989 0 1.51822
739 -1.80489 0 1.5192
740 -1.79989 0 1.5202
741 -1.79489 0 1.52124
742 -1.78989 0 1.5223
743 -1.78489 0 1.52339
744 -1.77989 0 1.5245
745 -1.77489 0 1.52564
746 -1.76989 0 1.52681
747 -1.76489 0 1.528
748 -1.75989 0 1.52923
749 -1.75489 0 1.53048
750 -1.74989 0 1.53175
751 -1.74489 0 1.53306
752 -1.73989 0 1.53439
753 -1.73489 0 1.53575
754 -1.72989 0 1.53714
755 -1.72489 0 1.53856
756 -1.71989 0 1.54
757 -1.71489 0 1.54147
758 -1.70989 0 1.54297
759 -1.70489 0 1.5445
760 -1.69989 0 1.54606
761 -1.69489 0 1.54765
762 -1.68989 0 1.54926
763 -1.68489 0 1.55091
764 -1.67989 0 1.55258
765 -1.67489 0 1.55429
766 -1.66989 0 1.55602
767 -1.66489 0 1.55778
768 -1.65989 0 1.55957
769 -1.65489 0 1.5614
770 -1.64989 0 1.56325
771 -1.64489 0 1.56513
772 -1.63989 0 1.56705
773 -1.63489 0 1.56899
774 -1.62989 0 1.57097
775 -1.62489 0 1.57298
776 -1.61989 0 1.57501
777 -1.61489 0 1.57708
778 -1.60989 0 1.57919
779 -1.60489 0 1.58132
780 -1.59989 0 1.58348
781 -1.59489 0 1.58568
782 -1.58989 0 1.58791
783 -1.58489 0 1.59018
784 -1.57989 0 1.59248
785 -1.57489 0 1.59481
786 -1.56989 0 1.59717
787 -1.56489 0 1.59957
788 -1.55989 0 1.602
789 -1.55489 0 1.60447
790 -1.54989 0 1.60697
791 -1.54489 0 1.60951
792 -1.53989 0 1.61208
793 -1.53489 0 1.61469
794 -1.52989 0 1.61733
795 -1.52489 0 1.62001
796 -1.51989 0 1.62273
797 -1.51489 0 1.62549
798 -1.50989 0 1.62828
799 -1.50489 0 1.63111
800 -1.49989 0 1.63397
801 -1.49489 0 1.63688
802 -1.48989 0 1.63983
803 -1.48489 0 1.64281
804 -1.47989 0 1.64583
805 -1.47489 0 1.6489
806 -1.46989 0 1.652
807 -1.46489 0 1.65515
808 -1.45989 0 1.65833
809 -1.45489 0 1.66156
810 -1.44989 0 1.66484
811 -1.44489 0 1.66815
812 -1.43989 0 1.67151
813 -1.43489 0 1.67491
814 -1.42989 0 1.67836
815 -1.42489 0 1.68185
816 -1.41989 0 1.68538
817 -1.41489 0 1.68897
818 -1.40989 0 1.6926
819 -1.40489 0 1.69627
820 -1.39989 0 1.7
821 -1.39489 0 1.70377
822 -1.38989 0 1.7076
823 -1.38489 0 1.71147
824 -1.37989 0 1.7154
825 -1.37489 0 1.71938
826 -1.36989 0 1.7234
827 -1.36489 0 1.72749
828 -1.35989 0 1.73163
829 -1.35489 0 1.73582
830 -1.34989 0 1.74007
831 -1.34489 0 1.74437
832 -1.33989 0 1.74873
833 -1.33489 0 1.75316
834 -1.32989 0 1.75764
835 -1.32489 0 1.76218
836 -1.31989 0 1.76679
837 -1.31489 0 1.77146
838 -1.30989 0 1.77619
839 -1.30489 0 1.78099
840 -1.29989 0 1.78586
841 -1.29489 0 1.79079
842 -1.28989 0 1.7958
843 -1.28489 0 1.80088
844 -1.27989 0 1.80603
845 -1.27489 0 1.81125
846 -1.26989 0 1.81655
847 -1.26489 0 1.82193
848 -1.25989 0 1.82739
849 -1.25489 0 1.83294
850 -1.24989 0 1.83856
851 -1.24489 0 1.84428
852 -1.23989 0 1.85008
853 -1.23489 0 1.85597
854 -1.22989 0 1.86196
855 -1.22489 0 1.86804
856 -1.21989 0 1.87422
857 -1.21489 0 1.8805
858 -1.20989 0 1.88689
859 -1.20489 0 1.89339
860 -1.19989 0 1.9
861 -1.19489 0 1.90673
862 -1.18989 0 1.91357
863 -1.18489 0 1.92054
864 -1.17989 0 1.92764
865 -1.17489 0 1.93487
866 -1.16989 0 1.94224
867 -1.16489 0 1.94975
868 -1.15989 0 1.95741
869 -1.15489 0 1.96523
870 -1.14989 0 1.97322
871 -1.14489 0 1.98137
872 -1.13989 0 1.98971
873 -1.13489 0 1.99823
874 -1.12989 0 2.00695
875 -1.12489 0 2.01588
876 -1.11989 0 2.02503
877 -1.11489 0 2.03441
878 -1.10989 0 2.04404
879 -1.10489 0 2.05393
880 -1.09989 0 2.06411
881 -1.09489 0 2.07459
882 -1.08989 0 2.08539
883 -1.08489 0 2.09655
884 -1.07989 0 2.10808
885 -1.07489 0 2.12003
886 -1.06989 0 2.13244
887 -1.06489 0 2.14535
888 -1.05989 0 2.15883
889 -1.05489 0 2.17293
890 -1.04989 0 2.18775
891 -1.04489 0 2.20339
892 -1.03989 0 2.22
893 -1.03489 0 2.23775
894 -1.02989 0 2.2569
895 -1.02489 0 2.2778
896 -1.01989 0 2.301
897 -1.01489 0 2.32745
898 -1.00989 0 2.35893
899 -1.00489 0 2.40013
900 -0.999889 0 2.5
901 -0.999889 0 2.51
902 -0.999889 0 2.52
903 -0.999889 0 2.53
904 -0.999889 0 2.54
905 -0.999889 0 2.55
906 -0.999889 0 2.56
907 -0.999889 0 2.57
908 -0.999889 0 2.58
909 -0.999889 0 2.59
910 -0.999889 0 2.6
911 -0.999889 0 2.61
912 -0.999889 0 2.62
913 -0.999889 0 2.63
914 -0.999889 0 2.64
915 -0.999889 0 2.65
916 -0.999889 0 2.66
917 -0.999889 0 2.67
918 -0.999889 0 2.68
919 -0.999889 0 2.69
920 -0.999889 0 2.7
921 -0.999889 0 2.71
922 -0.999889 0 2.72
923 -0.999889 0 2.73
924 -0.999889 0 2.74
925 -0.999889 0 2.75
926 -0.999889 0 2.76
927 -0.999889 0 2.77
928 -0.999889 0 2.78
929 -0.999889 0 2.79
930 -0.999889 0 2.8
931 -0.999889 0 2.81
932 -0.999889 0 2.82
933 -0.999889 0 2.83
934 -0.999889 0 2.84
935 -0.999889 0 2.85
936 -0.999889 0 2.86
937 -0.999889 0 2.87
938 -0.999889 0 2.88
939 -0.999889 0 2.89
940 -0.999889 0 2.9
941 -0.999889 0 2.91
942 -0.999889 0 2.92
943 -0.999889 0 2.93
944 -0.999889 0 2.94
945 -0.999889 0 2.95
946 -0.999889 0 2.96
947 -0.999889 0 2.97
948 -0.999889 0 2.98
949 -0.999889 0 2.99
950 -0.999889 0 3
951 -0.999889 0 3.01
952 -0.999889 0 3.02
953 -0.999889 0 3.03
954 -0.999889 0 3.04
955 -0.999889 0 3.05
956 -0.999889 0 3.06
957 -0.999889 0 3.07
958 -0.999889 0 3.08
959 -0.999889 0 3.09
960 -0.999889 0 3.1
961 -0.999889 0 3.11
962 -0.999889 0 3.12
963 -0.999889 0 3.13
964 -0.999889 0 3.14
965 -0.999889 0 3.15
966 -0.999889 0 3.16
967 -0.999889 0 3.17
968 -0.999889 0 3.18
969 -0.999889 0 3.19
970 -0.999889 0 3.2
971 -0.999889 0 3.21
972 -0.999889 0 3.22
973 -0.999889 0 3.23
974 -0.999889 0 3.24
975 -0.999889 0 3.25
976 -0.999889 0 3.26
977 -0.999889 0 3.27
978 -0.999889 0 3.28
979 -0.999889 0 3.29
980 -0.999889 0 3.3
981 -0.999889 0 3.31
982 -0.999889 0 3.32
983 -0.999889 0 3.33
984 -0.999889 0 3.34
985 -0.999889 0 3.35
986 -0.999889 0 3.36
987 -0.999889 0 3.37
988 -0.999889 0 3.38
989 -0.999889 0 3.39
990 -0.999889 0 3.4
991 -0.999889 0 3.41
992 -0.999889 0 3.42
993 -0.999889 0 3.43
994 -0.999889 0 3.44
995 -0.999889 0 3.45
996 -0.999889 0 3.46
997 -0.999889 0 3.47
998 -0.999889 0 3.48
999 -0.999889 0 3.49
1000 -0.999889 0 3.5
1001 -0.999889 0 3.51
1002 -0.999889 0 3.52
1003 -0.999889 0 3.53
1004 -0.999889 0 3.54
1005 -0.999889 0 3.55
1006 -0.999889 0 3.56
1007 -0.999889 0 3.57
1008 -0.999889 0 3.58
1009 -0.999889 0 3.59
1010 -0.999889 0 3.6
1011 -0.999889 0 3.61
1012 -0.999889 0 3.62
1013 -0.999889 0 3.63
1014 -0.999889 0 3.64
1015 -0.999889 0 3.65
1016 -0.999889 0 3.66
1017 -0.999889 0 3.67
1018 -0.999889 0 3.68
1019 -0.999889 0 3.69
1020 -0.999889 0 3.7
1021 -0.999889 0 3.71
1022 -0.999889 0 3.72
1023 -0.999889 0 3.73
1024 -0.999889 0 3.74
1025 -0.999889 0 3.75
1026 -0.999889 0 3.76
1027 -0.999889 0 3.77
1028 -0.999889 0 3.78
1029 -0.999889 0 3.79
1030 -0.999889 0 3.8
1031 -0.999889 0 3.81
1032 -0.999889 0 3.82
1033 -0.999889 0 3.83
1034 -0.999889 0 3.84
1035 -0.999889 0 3.85
1036 -0.999889 0 3.86
1037 -0.999889 0 3.87
1038 -0.999889 0 3.88
1039 -0.999889 0 3.89
1040 -0.999889 0 3.9
1041 -0.999889 0 3.91
1042 -0.999889 0 3.92
1043 -0.999889 0 3.93
1044 -0.999889 0 3.94
1045 -0.999889 0 3.95
1046 -0.999889 0 3.96
1047 -0.999889 0 3.97
1048 -0.999889 0 3.98
1049 -0.999889 0 3.99
1050 -0.999889 0 4
